BoneCount: 67
RootBone: 0
BoneName: RootNode
BoneIndex: 0
BoneParentIndex: -1
BoneChildCount: 2
1
2
1.000000 0.000000 -0.000000 0.000000
0.000000 1.000000 -0.000000 0.000000
-0.000000 -0.000000 1.000000 -0.000000
0.000000 0.000000 -0.000000 1.000000
1.000000 0.000000 0.000000 0.000000
0.000000 1.000000 0.000000 0.000000
0.000000 0.000000 1.000000 0.000000
0.000000 0.000000 0.000000 1.000000
BoneName: Ch29
BoneIndex: 1
BoneParentIndex: 0
BoneChildCount: 0
1.000000 0.000000 -0.000000 0.000000
0.000000 1.000000 -0.000000 0.000000
-0.000000 -0.000000 1.000000 -0.000000
0.000000 0.000000 -0.000000 1.000000
1.000000 0.000000 0.000000 0.000000
0.000000 1.000000 0.000000 0.000000
0.000000 0.000000 1.000000 0.000000
0.000000 0.000000 0.000000 1.000000
BoneName: mixamorig1:Hips
BoneIndex: 2
BoneParentIndex: 0
BoneChildCount: 3
3
57
62
1.000000 0.000000 -0.000000 0.000000
0.000000 1.000000 -0.000000 0.000000
-0.000000 -0.000000 1.000000 -0.000000
0.000000 0.966539 -0.044406 1.000000
1.000000 0.000000 -0.000000 0.000000
0.000000 1.000000 -0.000000 0.000000
-0.000000 -0.000000 1.000000 -0.000000
-0.000000 -0.966539 0.044406 1.000000
BoneName: mixamorig1:Spine
BoneIndex: 3
BoneParentIndex: 2
BoneChildCount: 1
4
1.000000 0.000000 -0.000000 0.000000
0.000000 0.999802 0.019880 0.000000
-0.000000 -0.019880 0.999802 -0.000000
0.000000 0.066093 0.001314 1.000000
1.000000 0.000000 -0.000000 0.000000
0.000000 0.999802 -0.019880 0.000000
-0.000000 0.019880 0.999802 -0.000000
-0.000000 -1.031570 0.063612 1.000000
BoneName: mixamorig1:Spine1
BoneIndex: 4
BoneParentIndex: 3
BoneChildCount: 1
5
1.000000 0.000000 -0.000000 0.000000
0.000000 1.000000 -0.000000 0.000000
-0.000000 -0.000000 1.000000 -0.000000
0.000000 0.077123 0.000000 1.000000
1.000000 0.000000 -0.000000 0.000000
0.000000 0.999802 -0.019880 0.000000
-0.000000 0.019880 0.999802 -0.000000
-0.000000 -1.108694 0.063612 1.000000
BoneName: mixamorig1:Spine2
BoneIndex: 5
BoneParentIndex: 4
BoneChildCount: 3
6
9
33
1.000000 0.000000 -0.000000 0.000000
0.000000 1.000000 -0.000000 0.000000
-0.000000 -0.000000 1.000000 -0.000000
0.000000 0.088141 -0.000000 1.000000
1.000000 0.000000 -0.000000 0.000000
0.000000 0.999802 -0.019880 0.000000
-0.000000 0.019880 0.999802 -0.000000
-0.000000 -1.196835 0.063612 1.000000
BoneName: mixamorig1:Neck
BoneIndex: 6
BoneParentIndex: 5
BoneChildCount: 1
7
1.000000 0.000000 -0.000000 0.000000
0.000000 0.999802 -0.019880 0.000000
-0.000000 0.019880 0.999802 -0.000000
0.000000 0.099159 -0.000000 1.000000
1.000000 0.000000 -0.000000 0.000000
0.000000 1.000000 -0.000000 0.000000
-0.000000 0.000000 1.000000 -0.000000
-0.000000 -1.297002 0.037835 1.000000
BoneName: mixamorig1:Head
BoneIndex: 7
BoneParentIndex: 6
BoneChildCount: 1
8
1.000000 0.000000 -0.000000 0.000000
0.000000 1.000000 -0.000000 0.000000
-0.000000 -0.000000 1.000000 -0.000000
0.000000 0.062212 0.002928 1.000000
1.000000 0.000000 -0.000000 0.000000
0.000000 1.000000 -0.000000 0.000000
-0.000000 0.000000 1.000000 -0.000000
-0.000000 -1.359214 0.034907 1.000000
BoneName: mixamorig1:HeadTop_End
BoneIndex: 8
BoneParentIndex: 7
BoneChildCount: 0
1.000000 0.000000 -0.000000 0.000000
0.000000 1.000000 -0.000000 0.000000
-0.000000 -0.000000 1.000000 -0.000000
0.000000 0.236696 0.011141 1.000000
1.000000 0.000000 0.000000 0.000000
0.000000 1.000000 0.000000 0.000000
0.000000 0.000000 1.000000 0.000000
0.000000 0.000000 0.000000 1.000000
BoneName: mixamorig1:LeftShoulder
BoneIndex: 9
BoneParentIndex: 5
BoneChildCount: 1
10
-0.011245 -0.000081 0.999937 0.000000
0.934368 -0.356156 0.010479 0.000000
0.356133 0.934426 0.004081 -0.000000
0.035928 0.085142 0.000411 1.000000
-0.011245 0.934369 0.356131 0.000000
-0.019961 -0.356292 0.934162 0.000000
0.999738 0.003396 0.022657 -0.000000
0.063706 0.423674 -1.210452 1.000000
BoneName: mixamorig1:LeftArm
BoneIndex: 10
BoneParentIndex: 9
BoneChildCount: 1
11
1.000000 -0.000985 -0.000000 0.000000
0.000936 0.950069 0.312039 0.000000
-0.000308 -0.312039 0.950069 -0.000000
0.000000 0.077875 -0.000000 1.000000
-0.012166 0.998830 0.046793 0.000000
-0.019609 -0.047026 0.998701 0.000000
0.999734 0.011232 0.020159 -0.000000
0.063365 -0.049115 -1.257935 1.000000
BoneName: mixamorig1:LeftForeArm
BoneIndex: 11
BoneParentIndex: 10
BoneChildCount: 1
12
0.999905 0.013812 -0.000000 0.000000
-0.013797 0.998871 0.045457 0.000000
0.000628 -0.045452 0.998966 -0.000000
0.000000 0.222368 -0.000000 1.000000
0.001631 0.999998 0.001341 0.000000
-0.020257 -0.001307 0.999794 0.000000
0.999793 -0.001658 0.020255 -0.000000
0.059609 -0.329229 -1.244256 1.000000
BoneName: mixamorig1:LeftHand
BoneIndex: 12
BoneParentIndex: 11
BoneChildCount: 5
13
17
21
25
29
0.994949 -0.004637 -0.100278 0.000000
0.007413 0.999599 0.027327 0.000000
0.100111 -0.027933 0.994584 -0.000000
0.000000 0.228858 0.000000 1.000000
-0.003149 0.999646 -0.026436 0.000000
-0.120406 0.025865 0.992388 0.000000
0.992720 0.006308 0.120282 -0.000000
0.186668 -0.591424 -1.215960 1.000000
BoneName: mixamorig1:LeftHandThumb1
BoneIndex: 13
BoneParentIndex: 12
BoneChildCount: 1
14
0.836627 0.547772 -0.000000 0.000000
-0.518080 0.791277 -0.324768 0.000000
-0.177899 0.271710 0.945794 -0.000000
-0.017231 0.020872 -0.009237 1.000000
0.544944 0.801214 0.247170 0.000000
-0.086567 -0.239449 0.967042 0.000000
0.833992 -0.548380 -0.061128 -0.000000
-0.164811 -0.198227 -1.343951 1.000000
BoneName: mixamorig1:LeftHandThumb2
BoneIndex: 14
BoneParentIndex: 13
BoneChildCount: 1
15
1.000000 0.000000 -0.000000 0.000000
0.000000 0.999750 0.022337 0.000000
-0.000000 -0.022337 0.999750 -0.000000
-0.002386 0.022754 -0.000000 1.000000
0.544944 0.806535 0.229212 0.000000
-0.086567 -0.217789 0.972149 0.000000
0.833992 -0.549609 -0.048864 -0.000000
-0.162425 -0.250944 -1.338680 1.000000
BoneName: mixamorig1:LeftHandThumb3
BoneIndex: 15
BoneParentIndex: 14
BoneChildCount: 1
16
1.000000 0.000000 -0.000000 0.000000
0.000000 0.987541 0.157359 0.000000
-0.000000 -0.157359 0.987541 -0.000000
-0.000507 0.024461 0.000000 1.000000
0.544944 0.832555 0.099440 0.000000
-0.086567 -0.062098 0.994309 0.000000
0.833992 -0.550451 0.038232 -0.000000
-0.161918 -0.482629 -1.278664 1.000000
BoneName: mixamorig1:LeftHandThumb4
BoneIndex: 16
BoneParentIndex: 15
BoneChildCount: 0
1.000000 0.000000 -0.000000 0.000000
0.000000 1.000000 -0.000000 0.000000
-0.000000 -0.000000 1.000000 -0.000000
0.002893 0.020385 -0.000000 1.000000
1.000000 0.000000 0.000000 0.000000
0.000000 1.000000 0.000000 0.000000
0.000000 0.000000 1.000000 0.000000
0.000000 0.000000 0.000000 1.000000
BoneName: mixamorig1:LeftHandIndex1
BoneIndex: 17
BoneParentIndex: 12
BoneChildCount: 1
18
0.996491 0.083706 -0.000000 0.000000
-0.083704 0.996470 -0.006393 0.000000
-0.000535 0.006371 0.999980 -0.000000
-0.021080 0.063446 -0.000962 1.000000
0.080538 0.996550 -0.020065 0.000000
-0.117818 0.029507 0.992597 0.000000
0.989764 -0.077578 0.119788 -0.000000
0.152203 -0.662180 -1.219257 1.000000
BoneName: mixamorig1:LeftHandIndex2
BoneIndex: 18
BoneParentIndex: 17
BoneChildCount: 1
19
1.000000 0.000000 -0.000000 0.000000
0.000000 0.998672 -0.051523 0.000000
-0.000000 0.051523 0.998672 -0.000000
-0.000010 0.023869 -0.000000 1.000000
0.080538 0.996260 0.031306 0.000000
-0.117818 -0.021673 0.992799 0.000000
0.989764 -0.083647 0.115632 -0.000000
0.152213 -0.622318 -1.252984 1.000000
BoneName: mixamorig1:LeftHandIndex3
BoneIndex: 19
BoneParentIndex: 18
BoneChildCount: 1
20
1.000000 0.000000 -0.000000 0.000000
0.000000 0.998834 0.048274 0.000000
-0.000000 -0.048274 0.998834 -0.000000
0.000017 0.022007 0.000000 1.000000
0.080538 0.996610 -0.016824 0.000000
-0.117818 0.026278 0.992687 0.000000
0.989764 -0.077967 0.119535 -0.000000
0.152196 -0.704061 -1.220419 1.000000
BoneName: mixamorig1:LeftHandIndex4
BoneIndex: 20
BoneParentIndex: 19
BoneChildCount: 0
1.000000 0.000000 -0.000000 0.000000
0.000000 1.000000 -0.000000 0.000000
-0.000000 -0.000000 1.000000 -0.000000
-0.000007 0.019881 -0.000000 1.000000
1.000000 0.000000 0.000000 0.000000
0.000000 1.000000 0.000000 0.000000
0.000000 0.000000 1.000000 0.000000
0.000000 0.000000 0.000000 1.000000
BoneName: mixamorig1:LeftHandMiddle1
BoneIndex: 21
BoneParentIndex: 12
BoneChildCount: 1
22
0.999937 -0.011246 -0.000000 0.000000
0.011244 0.999784 -0.017474 0.000000
0.000197 0.017473 0.999847 -0.000000
-0.006992 0.063729 0.001378 1.000000
-0.014390 0.999856 -0.008967 0.000000
-0.120689 0.007165 0.992664 0.000000
0.992586 0.015367 0.120569 -0.000000
0.201016 -0.631563 -1.228561 1.000000
BoneName: mixamorig1:LeftHandMiddle2
BoneIndex: 22
BoneParentIndex: 21
BoneChildCount: 1
23
1.000000 0.000000 -0.000000 0.000000
0.000000 0.998099 -0.061632 0.000000
-0.000000 0.061632 0.998099 -0.000000
-0.000031 0.027370 0.000000 1.000000
-0.014390 0.998508 0.052673 0.000000
-0.120690 -0.054028 0.991219 0.000000
0.992586 0.007907 0.121287 -0.000000
0.201047 -0.581962 -1.266837 1.000000
BoneName: mixamorig1:LeftHandMiddle3
BoneIndex: 23
BoneParentIndex: 22
BoneChildCount: 1
24
1.000000 0.000000 -0.000000 0.000000
0.000000 1.000000 -0.000778 0.000000
-0.000000 0.000778 1.000000 -0.000000
0.000014 0.024749 -0.000000 1.000000
-0.014390 0.998467 0.053450 0.000000
-0.120689 -0.054799 0.991177 0.000000
0.992586 0.007813 0.121293 -0.000000
0.201033 -0.605725 -1.267308 1.000000
BoneName: mixamorig1:LeftHandMiddle4
BoneIndex: 24
BoneParentIndex: 23
BoneChildCount: 0
1.000000 0.000000 -0.000000 0.000000
0.000000 1.000000 -0.000000 0.000000
-0.000000 -0.000000 1.000000 -0.000000
0.000017 0.023380 -0.000000 1.000000
1.000000 0.000000 0.000000 0.000000
0.000000 1.000000 0.000000 0.000000
0.000000 0.000000 1.000000 0.000000
0.000000 0.000000 0.000000 1.000000
BoneName: mixamorig1:LeftHandRing1
BoneIndex: 25
BoneParentIndex: 12
BoneChildCount: 1
26
0.999458 -0.032917 -0.000000 0.000000
0.032903 0.999035 0.029079 0.000000
-0.000957 -0.029063 0.999577 -0.000000
0.008030 0.064969 0.000019 1.000000
-0.036052 0.997809 -0.055474 0.000000
-0.121192 0.050735 0.991332 0.000000
0.991974 0.042463 0.119097 -0.000000
0.200147 -0.685240 -1.196561 1.000000
BoneName: mixamorig1:LeftHandRing2
BoneIndex: 26
BoneParentIndex: 25
BoneChildCount: 1
27
1.000000 0.000000 -0.000000 0.000000
0.000000 0.999588 -0.028703 0.000000
-0.000000 0.028703 0.999588 -0.000000
-0.000021 0.022713 -0.000000 1.000000
-0.036052 0.998990 -0.026812 0.000000
-0.121192 0.022261 0.992379 0.000000
0.991974 0.039027 0.120267 -0.000000
0.200168 -0.673318 -1.216387 1.000000
BoneName: mixamorig1:LeftHandRing3
BoneIndex: 27
BoneParentIndex: 26
BoneChildCount: 1
28
1.000000 0.000000 -0.000000 0.000000
0.000000 0.997980 -0.063522 0.000000
-0.000000 0.063522 0.997980 -0.000000
-0.000005 0.021834 -0.000000 1.000000
-0.036052 0.998676 0.036700 0.000000
-0.121192 -0.040822 0.991789 0.000000
0.991974 0.031308 0.122503 -0.000000
0.200172 -0.616480 -1.258088 1.000000
BoneName: mixamorig1:LeftHandRing4
BoneIndex: 28
BoneParentIndex: 27
BoneChildCount: 0
1.000000 0.000000 -0.000000 0.000000
0.000000 1.000000 -0.000000 0.000000
-0.000000 -0.000000 1.000000 -0.000000
0.000025 0.018945 -0.000000 1.000000
1.000000 0.000000 0.000000 0.000000
0.000000 1.000000 0.000000 0.000000
0.000000 0.000000 1.000000 0.000000
0.000000 0.000000 0.000000 1.000000
BoneName: mixamorig1:LeftHandPinky1
BoneIndex: 29
BoneParentIndex: 12
BoneChildCount: 1
30
0.995217 -0.097693 -0.000000 0.000000
0.097553 0.993786 -0.053603 0.000000
0.005237 0.053347 0.998562 -0.000000
0.020043 0.059298 -0.000250 1.000000
-0.100792 0.994543 0.026913 0.000000
-0.122357 -0.039237 0.991710 0.000000
0.987355 0.096663 0.125644 -0.000000
0.229398 -0.565258 -1.247804 1.000000
BoneName: mixamorig1:LeftHandPinky2
BoneIndex: 30
BoneParentIndex: 29
BoneChildCount: 1
31
1.000000 0.000000 -0.000000 0.000000
0.000000 0.997555 0.069885 0.000000
-0.000000 -0.069885 0.997555 -0.000000
0.000016 0.021522 -0.000000 1.000000
-0.100792 0.993993 -0.042654 0.000000
-0.122356 0.030162 0.992028 0.000000
0.987355 0.105208 0.118581 -0.000000
0.229382 -0.672545 -1.203748 1.000000
BoneName: mixamorig1:LeftHandPinky3
BoneIndex: 31
BoneParentIndex: 30
BoneChildCount: 1
32
1.000000 0.000000 -0.000000 0.000000
0.000000 0.999036 -0.043898 0.000000
-0.000000 0.043898 0.999036 -0.000000
-0.000017 0.017194 -0.000000 1.000000
-0.100792 0.994907 0.001018 0.000000
-0.122357 -0.013411 0.992396 0.000000
0.987355 0.099901 0.123086 -0.000000
0.229400 -0.636236 -1.232863 1.000000
BoneName: mixamorig1:LeftHandPinky4
BoneIndex: 32
BoneParentIndex: 31
BoneChildCount: 0
1.000000 0.000000 -0.000000 0.000000
0.000000 1.000000 -0.000000 0.000000
-0.000000 -0.000000 1.000000 -0.000000
0.000001 0.015551 0.000000 1.000000
1.000000 0.000000 0.000000 0.000000
0.000000 1.000000 0.000000 0.000000
0.000000 0.000000 1.000000 0.000000
0.000000 0.000000 0.000000 1.000000
BoneName: mixamorig1:RightShoulder
BoneIndex: 33
BoneParentIndex: 5
BoneChildCount: 1
34
-0.003965 0.000048 -0.999992 0.000000
-0.934368 -0.356291 0.003688 0.000000
-0.356288 0.934375 0.001458 -0.000000
-0.035928 0.085137 0.000147 1.000000
-0.003965 -0.934368 -0.356288 0.000000
0.019928 -0.356294 0.934161 0.000000
-0.999794 -0.003396 0.020033 -0.000000
-0.063669 0.423420 -1.210550 1.000000
BoneName: mixamorig1:RightArm
BoneIndex: 34
BoneParentIndex: 33
BoneChildCount: 1
35
0.999922 0.012468 -0.000000 0.000000
-0.011845 0.949935 0.312222 0.000000
0.003893 -0.312198 0.950009 -0.000000
0.000000 0.077875 -0.000000 1.000000
-0.015615 -0.998783 -0.046783 0.000000
0.015484 -0.047025 0.998774 0.000000
-0.999758 0.014871 0.016200 -0.000000
-0.059356 -0.048963 -1.258160 1.000000
BoneName: mixamorig1:RightForeArm
BoneIndex: 35
BoneParentIndex: 34
BoneChildCount: 1
36
0.999824 -0.018766 -0.000000 0.000000
0.018747 0.998792 0.045428 0.000000
-0.000853 -0.045420 0.998968 -0.000000
-0.000000 0.222378 -0.000000 1.000000
0.003131 -0.999994 -0.001358 0.000000
0.016364 -0.001307 0.999865 0.000000
-0.999861 -0.003153 0.016360 -0.000000
-0.054254 -0.329281 -1.244486 1.000000
BoneName: mixamorig1:RightHand
BoneIndex: 36
BoneParentIndex: 35
BoneChildCount: 5
37
41
45
49
53
0.992975 0.006416 0.118151 0.000000
-0.009060 0.999720 0.021858 0.000000
-0.117978 -0.022775 0.992755 -0.000000
-0.000000 0.228859 0.000000 1.000000
-0.003467 -0.999772 0.021056 0.000000
0.134375 0.020399 0.990720 0.000000
-0.990924 0.006264 0.134274 -0.000000
-0.204490 -0.584692 -1.216358 1.000000
BoneName: mixamorig1:RightHandThumb1
BoneIndex: 37
BoneParentIndex: 36
BoneChildCount: 1
38
0.830132 -0.557568 0.000000 0.000000
0.525951 0.783060 -0.331952 0.000000
0.185086 0.275564 0.943296 -0.000000
0.016718 0.020563 -0.009287 1.000000
0.554562 -0.791695 -0.256280 0.000000
0.100176 -0.242222 0.965035 0.000000
-0.826091 -0.560845 -0.055018 -0.000000
0.153838 -0.189607 -1.346354 1.000000
BoneName: mixamorig1:RightHandThumb2
BoneIndex: 38
BoneParentIndex: 37
BoneChildCount: 1
39
1.000000 0.000000 -0.000000 0.000000
0.000000 0.999125 0.041813 0.000000
-0.000000 -0.041813 0.999125 -0.000000
0.001930 0.022382 -0.000000 1.000000
0.554563 -0.801718 -0.222952 0.000000
0.100176 -0.201659 0.974319 0.000000
-0.826090 -0.562656 -0.031520 -0.000000
0.151908 -0.268100 -1.336313 1.000000
BoneName: mixamorig1:RightHandThumb3
BoneIndex: 39
BoneParentIndex: 38
BoneChildCount: 1
40
1.000000 0.000000 -0.000000 0.000000
0.000000 0.998996 -0.044796 0.000000
-0.000000 0.044796 0.998996 -0.000000
0.000058 0.024748 0.000000 1.000000
0.554563 -0.790926 -0.258643 0.000000
0.100175 -0.245102 0.964308 0.000000
-0.826090 -0.560679 -0.056693 -0.000000
0.151851 -0.232693 -1.348090 1.000000
BoneName: mixamorig1:RightHandThumb4
BoneIndex: 40
BoneParentIndex: 39
BoneChildCount: 0
1.000000 0.000000 -0.000000 0.000000
0.000000 1.000000 -0.000000 0.000000
-0.000000 -0.000000 1.000000 -0.000000
-0.001988 0.021464 0.000000 1.000000
1.000000 0.000000 0.000000 0.000000
0.000000 1.000000 0.000000 0.000000
0.000000 0.000000 1.000000 0.000000
0.000000 0.000000 0.000000 1.000000
BoneName: mixamorig1:RightHandIndex1
BoneIndex: 41
BoneParentIndex: 36
BoneChildCount: 1
42
0.998615 -0.052607 0.000000 0.000000
0.052604 0.998564 0.010122 0.000000
-0.000532 -0.010108 0.999949 -0.000000
0.021520 0.064483 -0.001174 1.000000
0.049133 -0.998306 0.031163 0.000000
0.133117 0.037468 0.990392 0.000000
-0.989882 -0.044512 0.134732 -0.000000
-0.191546 -0.672433 -1.208439 1.000000
BoneName: mixamorig1:RightHandIndex2
BoneIndex: 42
BoneParentIndex: 41
BoneChildCount: 1
43
1.000000 0.000000 -0.000000 0.000000
0.000000 0.998090 -0.061778 0.000000
-0.000000 0.061778 0.998090 -0.000000
0.000012 0.023225 -0.000000 1.000000
0.049133 -0.998324 -0.030571 0.000000
0.133117 -0.023789 0.990815 0.000000
-0.989882 -0.052751 0.131725 -0.000000
-0.191558 -0.619673 -1.249108 1.000000
BoneName: mixamorig1:RightHandIndex3
BoneIndex: 43
BoneParentIndex: 42
BoneChildCount: 1
44
1.000000 0.000000 -0.000000 0.000000
0.000000 0.996427 0.084453 0.000000
-0.000000 -0.084453 0.996427 -0.000000
-0.000038 0.021526 -0.000000 1.000000
0.049133 -0.997340 0.053851 0.000000
0.133117 0.059974 0.989284 0.000000
-0.989882 -0.041438 0.135709 -0.000000
-0.191519 -0.744400 -1.190493 1.000000
BoneName: mixamorig1:RightHandIndex4
BoneIndex: 44
BoneParentIndex: 43
BoneChildCount: 0
1.000000 0.000000 -0.000000 0.000000
0.000000 1.000000 -0.000000 0.000000
-0.000000 -0.000000 1.000000 -0.000000
0.000027 0.019917 0.000000 1.000000
1.000000 0.000000 0.000000 0.000000
0.000000 1.000000 0.000000 0.000000
0.000000 0.000000 1.000000 0.000000
0.000000 0.000000 0.000000 1.000000
BoneName: mixamorig1:RightHandMiddle1
BoneIndex: 45
BoneParentIndex: 36
BoneChildCount: 1
46
0.999997 0.002292 -0.000000 0.000000
-0.002291 0.999761 0.021723 0.000000
0.000050 -0.021723 0.999764 -0.000000
0.006913 0.062461 0.001160 1.000000
-0.005758 -0.999068 0.042769 0.000000
0.134422 0.041608 0.990050 0.000000
-0.990907 0.011450 0.134057 -0.000000
-0.212886 -0.672963 -1.203184 1.000000
BoneName: mixamorig1:RightHandMiddle2
BoneIndex: 46
BoneParentIndex: 45
BoneChildCount: 1
47
1.000000 0.000000 -0.000000 0.000000
0.000000 0.996510 -0.083471 0.000000
-0.000000 0.083471 0.996510 -0.000000
0.000075 0.027089 -0.000000 1.000000
-0.005758 -0.999152 -0.040773 0.000000
0.134422 -0.041177 0.990068 0.000000
-0.990907 0.000220 0.134545 -0.000000
-0.212962 -0.597178 -1.257419 1.000000
BoneName: mixamorig1:RightHandMiddle3
BoneIndex: 47
BoneParentIndex: 46
BoneChildCount: 1
48
1.000000 0.000000 -0.000000 0.000000
0.000000 0.998042 -0.062541 0.000000
-0.000000 0.062541 0.998042 -0.000000
-0.000009 0.025565 0.000000 1.000000
-0.005758 -0.994646 -0.103181 0.000000
0.134422 -0.103016 0.985555 0.000000
-0.990907 -0.008195 0.134296 -0.000000
-0.212954 -0.542884 -1.293904 1.000000
BoneName: mixamorig1:RightHandMiddle4
BoneIndex: 48
BoneParentIndex: 47
BoneChildCount: 0
1.000000 0.000000 -0.000000 0.000000
0.000000 1.000000 -0.000000 0.000000
-0.000000 -0.000000 1.000000 -0.000000
-0.000066 0.024188 -0.000000 1.000000
1.000000 0.000000 0.000000 0.000000
0.000000 1.000000 0.000000 0.000000
0.000000 0.000000 1.000000 0.000000
0.000000 0.000000 0.000000 1.000000
BoneName: mixamorig1:RightHandRing1
BoneIndex: 49
BoneParentIndex: 36
BoneChildCount: 1
50
0.998057 0.062300 0.000000 0.000000
-0.062200 0.996464 0.056490 0.000000
0.003519 -0.056380 0.998403 -0.000000
-0.007812 0.064383 -0.000262 1.000000
-0.065746 -0.994832 0.077379 0.000000
0.135386 0.067936 0.988461 0.000000
-0.988609 0.075463 0.130220 -0.000000
-0.236734 -0.703245 -1.178251 1.000000
BoneName: mixamorig1:RightHandRing2
BoneIndex: 50
BoneParentIndex: 49
BoneChildCount: 1
51
1.000000 0.000000 -0.000000 0.000000
0.000000 0.999279 -0.037974 0.000000
-0.000000 0.037974 0.999279 -0.000000
0.000047 0.023468 0.000000 1.000000
-0.065746 -0.997053 0.039542 0.000000
0.135385 0.030348 0.990328 0.000000
-0.988609 0.070464 0.132991 -0.000000
-0.236781 -0.681443 -1.204999 1.000000
BoneName: mixamorig1:RightHandRing3
BoneIndex: 51
BoneParentIndex: 50
BoneChildCount: 1
52
1.000000 0.000000 -0.000000 0.000000
0.000000 0.995767 -0.091915 0.000000
-0.000000 0.091915 0.995767 -0.000000
0.000012 0.021569 0.000000 1.000000
-0.065746 -0.996467 -0.052268 0.000000
0.135386 -0.060805 0.988925 0.000000
-0.988609 0.057942 0.138905 -0.000000
-0.236794 -0.589279 -1.264515 1.000000
BoneName: mixamorig1:RightHandRing4
BoneIndex: 52
BoneParentIndex: 51
BoneChildCount: 0
1.000000 0.000000 -0.000000 0.000000
0.000000 1.000000 -0.000000 0.000000
-0.000000 -0.000000 1.000000 -0.000000
-0.000060 0.020279 0.000000 1.000000
1.000000 0.000000 0.000000 0.000000
0.000000 1.000000 0.000000 0.000000
0.000000 0.000000 1.000000 0.000000
0.000000 0.000000 0.000000 1.000000
BoneName: mixamorig1:RightHandPinky1
BoneIndex: 53
BoneParentIndex: 36
BoneChildCount: 1
54
0.995815 0.091389 0.000000 0.000000
-0.091381 0.995733 0.012817 0.000000
0.001171 -0.012763 0.999918 -0.000000
-0.020622 0.059985 -0.000840 1.000000
-0.094820 -0.994920 0.033811 0.000000
0.135678 0.020731 0.990536 0.000000
-0.986205 0.098510 0.133023 -0.000000
-0.242016 -0.640703 -1.207406 1.000000
BoneName: mixamorig1:RightHandPinky2
BoneIndex: 54
BoneParentIndex: 53
BoneChildCount: 1
55
1.000000 0.000000 -0.000000 0.000000
0.000000 0.999457 -0.032942 0.000000
-0.000000 0.032942 0.999457 -0.000000
0.000009 0.021024 -0.000000 1.000000
-0.094820 -0.995494 0.001018 0.000000
0.135678 -0.011910 0.990681 0.000000
-0.986205 0.094075 0.136196 -0.000000
-0.242025 -0.621595 -1.228549 1.000000
BoneName: mixamorig1:RightHandPinky3
BoneIndex: 55
BoneParentIndex: 54
BoneChildCount: 1
56
1.000000 0.000000 -0.000000 0.000000
0.000000 0.999561 0.029643 0.000000
-0.000000 -0.029643 0.999561 -0.000000
-0.000014 0.016535 -0.000000 1.000000
-0.094820 -0.995026 0.030525 0.000000
0.135678 0.017460 0.990599 0.000000
-0.986205 0.098071 0.133347 -0.000000
-0.242010 -0.674265 -1.209095 1.000000
BoneName: mixamorig1:RightHandPinky4
BoneIndex: 56
BoneParentIndex: 55
BoneChildCount: 0
1.000000 0.000000 -0.000000 0.000000
0.000000 1.000000 -0.000000 0.000000
-0.000000 -0.000000 1.000000 -0.000000
0.000005 0.015819 0.000000 1.000000
1.000000 0.000000 0.000000 0.000000
0.000000 1.000000 0.000000 0.000000
0.000000 0.000000 1.000000 0.000000
0.000000 0.000000 0.000000 1.000000
BoneName: mixamorig1:LeftUpLeg
BoneIndex: 57
BoneParentIndex: 2
BoneChildCount: 1
58
-0.999409 -0.034362 0.000148 0.000000
0.034362 -0.999400 0.004300 0.000000
-0.000000 0.004302 0.999991 -0.000000
0.059702 -0.115401 0.001231 1.000000
-0.999409 0.034362 0.000000 0.000000
-0.034362 -0.999400 0.004302 0.000000
0.000148 0.004300 0.999991 -0.000000
0.088919 0.848761 0.039513 1.000000
BoneName: mixamorig1:LeftLeg
BoneIndex: 58
BoneParentIndex: 57
BoneChildCount: 1
59
0.999998 -0.002054 -0.000000 0.000000
0.002041 0.993529 0.113557 0.000000
-0.000233 -0.113556 0.993532 -0.000000
-0.002705 0.314752 0.000339 1.000000
-0.999478 0.032100 -0.003669 0.000000
-0.032308 -0.992515 0.117771 0.000000
0.000139 0.117828 0.993034 -0.000000
0.090527 0.535190 -0.021741 1.000000
BoneName: mixamorig1:LeftFoot
BoneIndex: 59
BoneParentIndex: 58
BoneChildCount: 1
60
0.999932 0.000000 0.011687 0.000000
0.010593 0.422442 -0.906328 0.000000
-0.004937 0.906390 0.422414 -0.000000
0.000000 0.461904 -0.000000 1.000000
-0.999453 0.006298 0.032480 0.000000
-0.030930 -0.526362 -0.849698 0.000000
0.011745 -0.850238 0.526268 -0.000000
0.090267 0.051622 0.056795 1.000000
BoneName: mixamorig1:LeftToeBase
BoneIndex: 60
BoneParentIndex: 59
BoneChildCount: 1
61
0.994662 0.000000 -0.103187 0.000000
-0.054420 0.849623 -0.524575 0.000000
0.087670 0.527390 0.845088 -0.000000
0.000000 0.139728 0.000000 1.000000
-0.997469 0.042703 -0.056853 0.000000
0.056913 0.000205 -0.998379 0.000000
-0.042622 -0.999088 -0.002635 -0.000000
0.083924 -0.109562 0.009444 1.000000
BoneName: mixamorig1:LeftToe_End
BoneIndex: 61
BoneParentIndex: 60
BoneChildCount: 0
1.000000 0.000000 -0.000000 0.000000
0.000000 1.000000 -0.000000 0.000000
-0.000000 -0.000000 1.000000 -0.000000
-0.000000 0.052368 -0.000000 1.000000
1.000000 0.000000 0.000000 0.000000
0.000000 1.000000 0.000000 0.000000
0.000000 0.000000 1.000000 0.000000
0.000000 0.000000 0.000000 1.000000
BoneName: mixamorig1:RightUpLeg
BoneIndex: 62
BoneParentIndex: 2
BoneChildCount: 1
63
-0.999409 0.034362 -0.000024 0.000000
-0.034362 -0.999409 0.000703 0.000000
-0.000000 0.000703 1.000000 -0.000000
-0.059702 -0.115401 0.001231 1.000000
-0.999409 -0.034362 0.000000 0.000000
0.034362 -0.999409 0.000703 0.000000
-0.000024 0.000703 1.000000 -0.000000
-0.088915 0.848613 0.042576 1.000000
BoneName: mixamorig1:RightLeg
BoneIndex: 63
BoneParentIndex: 62
BoneChildCount: 1
64
0.999998 0.002041 -0.000000 0.000000
-0.002029 0.994095 0.108497 0.000000
0.000221 -0.108497 0.994097 -0.000000
0.002705 0.314748 0.000752 1.000000
-0.999477 -0.032132 0.003507 0.000000
0.032322 -0.993501 0.109140 0.000000
-0.000023 0.109196 0.994020 -0.000000
-0.090529 0.535437 -0.016366 1.000000
BoneName: mixamorig1:RightFoot
BoneIndex: 64
BoneParentIndex: 63
BoneChildCount: 1
65
0.999923 0.000000 -0.012410 0.000000
-0.011081 0.450220 -0.892849 0.000000
0.005587 0.892918 0.450185 -0.000000
-0.000000 0.461446 0.000000 1.000000
-0.999444 -0.006522 -0.032697 0.000000
0.030965 -0.545097 -0.837801 0.000000
-0.012359 -0.838347 0.544996 -0.000000
-0.090319 0.048927 0.058194 1.000000
BoneName: mixamorig1:RightToeBase
BoneIndex: 65
BoneParentIndex: 64
BoneChildCount: 1
66
0.994619 0.000000 0.103603 0.000000
0.056581 0.837696 -0.543197 0.000000
-0.086788 0.546136 0.833188 -0.000000
-0.000000 0.134924 -0.000000 1.000000
-0.997453 -0.044253 0.055935 0.000000
-0.056000 0.000217 -0.998431 0.000000
0.044171 -0.999020 -0.002695 -0.000000
-0.083804 -0.108760 0.009359 1.000000
BoneName: mixamorig1:RightToe_End
BoneIndex: 66
BoneParentIndex: 65
BoneChildCount: 0
1.000000 0.000000 -0.000000 0.000000
0.000000 1.000000 -0.000000 0.000000
-0.000000 -0.000000 1.000000 -0.000000
0.000000 0.050534 0.000000 1.000000
1.000000 0.000000 0.000000 0.000000
0.000000 1.000000 0.000000 0.000000
0.000000 0.000000 1.000000 0.000000
0.000000 0.000000 0.000000 1.000000
