BoneCount: 68
RootBone: 0
BoneName: RootNode
BoneIndex: 0
BoneParentIndex: -1
BoneChildCount: 3
1
66
67
1.000000 0.000000 -0.000000 0.000000
0.000000 1.000000 -0.000000 0.000000
-0.000000 -0.000000 1.000000 -0.000000
0.000000 0.000000 -0.000000 1.000000
1.000000 0.000000 0.000000 0.000000
0.000000 1.000000 0.000000 0.000000
0.000000 0.000000 1.000000 0.000000
0.000000 0.000000 0.000000 1.000000
BoneName: mixamorig:Hips
BoneIndex: 1
BoneParentIndex: 0
BoneChildCount: 3
2
56
61
1.000000 0.000087 -0.000003 0.000000
-0.000087 1.000000 -0.000000 0.000000
0.000003 0.000000 1.000000 -0.000000
-0.000000 0.997919 -0.000000 1.000000
1.000000 -0.000088 0.000003 0.000000
0.000088 1.000000 0.000000 0.000000
-0.000003 -0.000000 1.000000 -0.000000
-0.000088 -0.997919 0.000000 1.000000
BoneName: mixamorig:Spine
BoneIndex: 2
BoneParentIndex: 1
BoneChildCount: 1
3
1.000000 0.000012 0.000001 0.000000
-0.000012 0.992624 0.121236 0.000000
0.000001 -0.121236 0.992624 -0.000000
0.000009 0.099235 0.012273 1.000000
1.000000 -0.000099 0.000014 0.000000
0.000100 0.992624 -0.121236 0.000000
-0.000002 0.121236 0.992624 -0.000000
-0.000110 -1.090549 0.120833 1.000000
BoneName: mixamorig:Spine1
BoneIndex: 3
BoneParentIndex: 2
BoneChildCount: 1
4
1.000000 -0.000019 0.000000 0.000000
0.000019 1.000000 -0.000392 0.000000
0.000000 0.000392 1.000000 -0.000000
0.000000 0.117320 0.000000 1.000000
1.000000 -0.000080 0.000014 0.000000
0.000082 0.992671 -0.120847 0.000000
-0.000004 0.120847 0.992671 -0.000000
-0.000087 -1.207916 0.120359 1.000000
BoneName: mixamorig:Spine2
BoneIndex: 4
BoneParentIndex: 3
BoneChildCount: 3
5
8
32
1.000000 0.000007 0.000004 0.000000
-0.000006 0.993339 -0.115231 0.000000
-0.000005 0.115231 0.993339 -0.000000
0.000000 0.134588 -0.000000 1.000000
1.000000 -0.000088 0.000000 0.000000
0.000088 0.999984 -0.005655 0.000000
0.000000 0.005655 0.999984 -0.000000
-0.000096 -1.347431 -0.035141 1.000000
BoneName: mixamorig:Neck
BoneIndex: 5
BoneParentIndex: 4
BoneChildCount: 1
6
1.000000 0.000000 -0.000000 0.000000
0.000000 0.999984 -0.005655 0.000000
-0.000000 0.005655 0.999984 -0.000000
0.000000 0.150278 -0.008779 1.000000
1.000000 -0.000088 -0.000000 0.000000
0.000088 1.000000 -0.000000 0.000000
0.000000 0.000000 1.000000 -0.000000
-0.000096 -1.497535 -0.034832 1.000000
BoneName: mixamorig:Head
BoneIndex: 6
BoneParentIndex: 5
BoneChildCount: 1
7
1.000000 0.000000 -0.000000 0.000000
0.000000 1.000000 -0.000000 0.000000
-0.000000 -0.000000 1.000000 -0.000000
0.000000 0.103218 -0.031424 1.000000
1.000000 -0.000088 -0.000000 0.000000
0.000088 1.000000 -0.000000 0.000000
0.000000 0.000000 1.000000 -0.000000
-0.000096 -1.600754 -0.003408 1.000000
BoneName: mixamorig:HeadTop_End
BoneIndex: 7
BoneParentIndex: 6
BoneChildCount: 0
1.000000 0.000000 -0.000000 0.000000
0.000000 1.000000 -0.000000 0.000000
-0.000000 -0.000000 1.000000 -0.000000
0.000002 0.184747 -0.066364 1.000000
1.000000 0.000000 0.000000 0.000000
0.000000 1.000000 0.000000 0.000000
0.000000 0.000000 1.000000 0.000000
0.000000 0.000000 0.000000 1.000000
BoneName: mixamorig:LeftShoulder
BoneIndex: 8
BoneParentIndex: 4
BoneChildCount: 1
9
-0.201230 0.009768 0.979495 0.000000
0.979319 -0.019441 0.201387 0.000000
0.021009 0.999763 -0.005654 -0.000000
0.061058 0.091063 -0.007571 1.000000
-0.201231 0.979320 0.020921 0.000000
0.004211 -0.020493 0.999781 0.000000
0.979535 0.201275 0.000000 -0.000000
-0.028751 -0.037476 -1.439282 1.000000
BoneName: mixamorig:LeftArm
BoneIndex: 9
BoneParentIndex: 8
BoneChildCount: 1
10
0.979535 0.201274 -0.000000 0.000000
-0.201230 0.979319 0.021010 0.000000
0.004229 -0.020580 0.999779 -0.000000
0.000000 0.129223 -0.000000 1.000000
0.000000 1.000000 -0.000089 0.000000
0.000000 0.000089 1.000000 0.000000
1.000000 -0.000000 0.000000 -0.000000
-0.061715 -0.187706 -1.435655 1.000000
BoneName: mixamorig:LeftForeArm
BoneIndex: 10
BoneParentIndex: 9
BoneChildCount: 1
11
1.000000 0.000000 -0.000000 0.000000
0.000000 1.000000 -0.000000 0.000000
-0.000000 -0.000000 1.000000 -0.000000
0.000000 0.274047 0.000000 1.000000
0.000000 1.000000 -0.000089 0.000000
-0.000000 0.000089 1.000000 0.000000
1.000000 -0.000000 0.000000 -0.000000
-0.061715 -0.461753 -1.435655 1.000000
BoneName: mixamorig:LeftHand
BoneIndex: 11
BoneParentIndex: 10
BoneChildCount: 5
12
16
20
24
28
1.000000 0.000000 -0.000000 0.000000
0.000000 1.000000 -0.000000 0.000000
-0.000000 -0.000000 1.000000 -0.000000
-0.000000 0.276145 -0.000000 1.000000
0.000000 1.000000 -0.000089 0.000000
0.000000 0.000089 1.000000 0.000000
1.000000 -0.000000 0.000000 -0.000000
-0.061715 -0.737897 -1.435655 1.000000
BoneName: mixamorig:LeftHandThumb1
BoneIndex: 12
BoneParentIndex: 11
BoneChildCount: 1
13
0.894428 0.387297 -0.223606 0.000000
-0.447212 0.774598 -0.447213 0.000000
-0.000000 0.499999 0.866026 -0.000000
-0.030030 0.037888 -0.021671 1.000000
0.387317 0.774638 0.499922 0.000000
-0.223571 -0.447144 0.866070 0.000000
0.894428 -0.447212 0.000000 -0.000000
-0.012625 0.045600 -1.612438 1.000000
BoneName: mixamorig:LeftHandThumb2
BoneIndex: 13
BoneParentIndex: 12
BoneChildCount: 1
14
1.000000 0.000002 -0.000000 0.000000
-0.000002 1.000000 -0.000014 0.000000
-0.000000 0.000014 1.000000 -0.000000
-0.000000 0.047450 -0.000000 1.000000
0.387318 0.774630 0.499933 0.000000
-0.223572 -0.447156 0.866064 0.000000
0.894427 -0.447213 -0.000006 -0.000000
-0.012625 -0.001827 -1.612438 1.000000
BoneName: mixamorig:LeftHandThumb3
BoneIndex: 14
BoneParentIndex: 13
BoneChildCount: 1
15
1.000000 0.000000 -0.000000 0.000000
0.000000 1.000000 -0.000000 0.000000
-0.000000 -0.000000 1.000000 -0.000000
-0.000000 0.043821 -0.000000 1.000000
0.387318 0.774630 0.499933 0.000000
-0.223572 -0.447156 0.866064 0.000000
0.894427 -0.447213 -0.000006 -0.000000
-0.012625 -0.045648 -1.612438 1.000000
BoneName: mixamorig:LeftHandThumb4
BoneIndex: 15
BoneParentIndex: 14
BoneChildCount: 0
0.958042 0.144917 0.247296 0.000000
-0.140320 0.989444 -0.036210 0.000000
-0.249933 -0.000010 0.968263 -0.000000
-0.000000 0.034591 -0.000000 1.000000
1.000000 0.000000 0.000000 0.000000
0.000000 1.000000 0.000000 0.000000
0.000000 0.000000 1.000000 0.000000
0.000000 0.000000 0.000000 1.000000
BoneName: mixamorig:LeftHandIndex1
BoneIndex: 16
BoneParentIndex: 11
BoneChildCount: 1
17
1.000000 0.000010 -0.000000 0.000000
-0.000010 1.000000 -0.000001 0.000000
0.000000 0.000001 1.000000 -0.000000
-0.028220 0.122666 -0.002318 1.000000
0.000009 1.000000 -0.000088 0.000000
0.000000 0.000088 1.000000 0.000000
1.000000 -0.000009 -0.000000 -0.000000
-0.033502 -0.860562 -1.433338 1.000000
BoneName: mixamorig:LeftHandIndex2
BoneIndex: 17
BoneParentIndex: 16
BoneChildCount: 1
18
1.000000 -0.000012 -0.000000 0.000000
0.000012 1.000000 -0.000000 0.000000
-0.000000 -0.000000 1.000000 -0.000000
-0.000000 0.038920 0.000000 1.000000
-0.000003 1.000000 -0.000088 0.000000
0.000000 0.000088 1.000000 0.000000
1.000000 0.000003 -0.000000 -0.000000
-0.033491 -0.899482 -1.433338 1.000000
BoneName: mixamorig:LeftHandIndex3
BoneIndex: 18
BoneParentIndex: 17
BoneChildCount: 1
19
1.000000 0.000000 -0.000000 0.000000
0.000000 1.000000 -0.000000 0.000000
-0.000000 -0.000000 1.000000 -0.000000
0.000000 0.034152 0.000000 1.000000
-0.000003 1.000000 -0.000088 0.000000
0.000000 0.000088 1.000000 0.000000
1.000000 0.000003 -0.000000 -0.000000
-0.033491 -0.933633 -1.433338 1.000000
BoneName: mixamorig:LeftHandIndex4
BoneIndex: 19
BoneParentIndex: 18
BoneChildCount: 0
0.999968 0.000046 0.008003 0.000000
-0.000046 1.000000 -0.000002 0.000000
-0.008003 0.000002 0.999968 -0.000000
0.000000 0.030780 -0.000000 1.000000
1.000000 0.000000 0.000000 0.000000
0.000000 1.000000 0.000000 0.000000
0.000000 0.000000 1.000000 0.000000
0.000000 0.000000 0.000000 1.000000
BoneName: mixamorig:LeftHandMiddle1
BoneIndex: 20
BoneParentIndex: 11
BoneChildCount: 1
21
1.000000 0.000000 -0.000000 0.000000
0.000000 1.000000 -0.000000 0.000000
-0.000000 -0.000000 1.000000 -0.000000
-0.000000 0.127755 0.000000 1.000000
0.000000 1.000000 -0.000088 0.000000
-0.000000 0.000088 1.000000 0.000000
1.000000 -0.000000 0.000000 -0.000000
-0.061715 -0.865651 -1.435656 1.000000
BoneName: mixamorig:LeftHandMiddle2
BoneIndex: 21
BoneParentIndex: 20
BoneChildCount: 1
22
1.000000 0.000000 -0.000000 0.000000
0.000000 1.000000 -0.000000 0.000000
-0.000000 -0.000000 1.000000 -0.000000
-0.000000 0.036140 0.000000 1.000000
0.000000 1.000000 -0.000088 0.000000
-0.000000 0.000088 1.000000 0.000000
1.000000 -0.000000 0.000000 -0.000000
-0.061715 -0.901791 -1.435656 1.000000
BoneName: mixamorig:LeftHandMiddle3
BoneIndex: 22
BoneParentIndex: 21
BoneChildCount: 1
23
1.000000 0.000000 -0.000000 0.000000
0.000000 1.000000 -0.000000 0.000000
-0.000000 -0.000000 1.000000 -0.000000
0.000000 0.034598 0.000000 1.000000
0.000000 1.000000 -0.000088 0.000000
-0.000000 0.000088 1.000000 0.000000
1.000000 -0.000000 0.000000 -0.000000
-0.061715 -0.936388 -1.435656 1.000000
BoneName: mixamorig:LeftHandMiddle4
BoneIndex: 23
BoneParentIndex: 22
BoneChildCount: 0
0.999957 -0.001308 0.009159 0.000000
0.001308 0.999999 0.000009 0.000000
-0.009159 0.000003 0.999958 -0.000000
-0.000000 0.036802 0.000000 1.000000
1.000000 0.000000 0.000000 0.000000
0.000000 1.000000 0.000000 0.000000
0.000000 0.000000 1.000000 0.000000
0.000000 0.000000 0.000000 1.000000
BoneName: mixamorig:LeftHandRing1
BoneIndex: 24
BoneParentIndex: 11
BoneChildCount: 1
25
1.000000 0.000010 -0.000000 0.000000
-0.000010 1.000000 -0.000001 0.000000
0.000000 0.000001 1.000000 -0.000000
0.022166 0.121470 0.000100 1.000000
0.000009 1.000000 -0.000088 0.000000
0.000000 0.000088 1.000000 0.000000
1.000000 -0.000009 -0.000000 -0.000000
-0.083889 -0.859365 -1.435756 1.000000
BoneName: mixamorig:LeftHandRing2
BoneIndex: 25
BoneParentIndex: 24
BoneChildCount: 1
26
1.000000 -0.000016 -0.000000 0.000000
0.000016 1.000000 0.000005 0.000000
-0.000000 -0.000005 1.000000 -0.000000
0.000000 0.036012 -0.000000 1.000000
-0.000007 1.000000 -0.000092 0.000000
0.000000 0.000092 1.000000 0.000000
1.000000 0.000007 -0.000000 -0.000000
-0.083875 -0.895385 -1.435752 1.000000
BoneName: mixamorig:LeftHandRing3
BoneIndex: 26
BoneParentIndex: 25
BoneChildCount: 1
27
1.000000 0.000000 -0.000000 0.000000
0.000000 1.000000 -0.000000 0.000000
-0.000000 -0.000000 1.000000 -0.000000
-0.000000 0.033073 -0.000000 1.000000
-0.000007 1.000000 -0.000092 0.000000
0.000000 0.000092 1.000000 0.000000
1.000000 0.000007 -0.000000 -0.000000
-0.083875 -0.928458 -1.435752 1.000000
BoneName: mixamorig:LeftHandRing4
BoneIndex: 27
BoneParentIndex: 26
BoneChildCount: 0
0.999889 0.001542 0.014793 0.000000
-0.001541 0.999999 -0.000028 0.000000
-0.014793 0.000006 0.999891 -0.000000
-0.000000 0.036601 -0.000000 1.000000
1.000000 0.000000 0.000000 0.000000
0.000000 1.000000 0.000000 0.000000
0.000000 0.000000 1.000000 0.000000
0.000000 0.000000 0.000000 1.000000
BoneName: mixamorig:LeftHandPinky1
BoneIndex: 28
BoneParentIndex: 11
BoneChildCount: 1
29
1.000000 0.000282 -0.000000 0.000000
-0.000282 1.000000 -0.000006 0.000000
0.000000 0.000006 1.000000 -0.000000
0.047258 0.109082 -0.002261 1.000000
0.000282 1.000000 -0.000083 0.000000
0.000000 0.000083 1.000000 0.000000
1.000000 -0.000282 -0.000000 -0.000000
-0.109212 -0.846940 -1.433399 1.000000
BoneName: mixamorig:LeftHandPinky2
BoneIndex: 29
BoneParentIndex: 28
BoneChildCount: 1
30
1.000000 -0.000736 -0.000000 0.000000
0.000736 1.000000 0.000012 0.000000
-0.000000 -0.000012 1.000000 -0.000000
-0.000000 0.041367 -0.000000 1.000000
-0.000454 1.000000 -0.000095 0.000000
-0.000000 0.000095 1.000000 0.000000
1.000000 0.000454 -0.000000 -0.000000
-0.108558 -0.888404 -1.433388 1.000000
BoneName: mixamorig:LeftHandPinky3
BoneIndex: 30
BoneParentIndex: 29
BoneChildCount: 1
31
1.000000 0.000460 -0.000000 0.000000
-0.000460 1.000000 -0.000007 0.000000
-0.000000 0.000007 1.000000 -0.000000
0.000000 0.025948 -0.000000 1.000000
0.000006 1.000000 -0.000088 0.000000
0.000000 0.000088 1.000000 0.000000
1.000000 -0.000006 -0.000000 -0.000000
-0.108978 -0.914292 -1.433395 1.000000
BoneName: mixamorig:LeftHandPinky4
BoneIndex: 31
BoneParentIndex: 30
BoneChildCount: 0
0.999966 -0.001150 0.008200 0.000000
0.001150 0.999999 0.000007 0.000000
-0.008200 0.000003 0.999966 -0.000000
-0.000000 0.029239 0.000000 1.000000
1.000000 0.000000 0.000000 0.000000
0.000000 1.000000 0.000000 0.000000
0.000000 0.000000 1.000000 0.000000
0.000000 0.000000 0.000000 1.000000
BoneName: mixamorig:RightShoulder
BoneIndex: 32
BoneParentIndex: 4
BoneChildCount: 1
33
-0.201228 -0.009770 -0.979496 0.000000
-0.979319 -0.019448 0.201385 0.000000
-0.021016 0.999763 -0.005654 -0.000000
-0.061057 0.091064 -0.007571 1.000000
-0.201227 -0.979317 -0.021104 0.000000
-0.004248 -0.020672 0.999777 0.000000
-0.979535 0.201272 0.000000 -0.000000
0.028792 -0.037277 -1.439279 1.000000
BoneName: mixamorig:RightArm
BoneIndex: 33
BoneParentIndex: 32
BoneChildCount: 1
34
0.979535 -0.201272 -0.000000 0.000000
0.201228 0.979319 0.021017 0.000000
-0.004230 -0.020587 0.999779 -0.000000
0.000000 0.129223 0.000000 1.000000
0.000001 -1.000000 -0.000087 0.000000
0.000000 -0.000087 1.000000 0.000000
-1.000000 -0.000001 -0.000000 -0.000000
0.061714 -0.187513 -1.435655 1.000000
BoneName: mixamorig:RightForeArm
BoneIndex: 34
BoneParentIndex: 33
BoneChildCount: 1
35
1.000000 0.000000 -0.000000 0.000000
0.000000 1.000000 -0.000000 0.000000
-0.000000 -0.000000 1.000000 -0.000000
0.000000 0.274047 0.000000 1.000000
0.000001 -1.000000 -0.000087 0.000000
-0.000000 -0.000087 1.000000 0.000000
-1.000000 -0.000001 -0.000000 -0.000000
0.061714 -0.461560 -1.435655 1.000000
BoneName: mixamorig:RightHand
BoneIndex: 35
BoneParentIndex: 34
BoneChildCount: 5
36
40
44
48
52
1.000000 0.000000 -0.000000 0.000000
0.000000 1.000000 -0.000000 0.000000
-0.000000 -0.000000 1.000000 -0.000000
0.000000 0.276145 -0.000000 1.000000
0.000001 -1.000000 -0.000087 0.000000
0.000000 -0.000087 1.000000 0.000000
-1.000000 -0.000001 -0.000000 -0.000000
0.061714 -0.737705 -1.435655 1.000000
BoneName: mixamorig:RightHandThumb1
BoneIndex: 36
BoneParentIndex: 35
BoneChildCount: 1
37
0.894428 -0.387297 0.223606 0.000000
0.447212 0.774598 -0.447213 0.000000
-0.000000 0.499999 0.866026 -0.000000
0.030030 0.037888 -0.021671 1.000000
0.387278 -0.774559 -0.500074 0.000000
0.223640 -0.447280 0.865982 0.000000
-0.894428 -0.447213 0.000000 -0.000000
0.012549 0.045749 -1.612342 1.000000
BoneName: mixamorig:RightHandThumb2
BoneIndex: 37
BoneParentIndex: 36
BoneChildCount: 1
38
1.000000 -0.000001 -0.000000 0.000000
0.000001 1.000000 -0.000017 0.000000
0.000000 0.000017 1.000000 -0.000000
-0.000000 0.047450 0.000000 1.000000
0.387279 -0.774550 -0.500087 0.000000
0.223640 -0.447295 0.865975 0.000000
-0.894427 -0.447213 -0.000008 -0.000000
0.012549 -0.001673 -1.612342 1.000000
BoneName: mixamorig:RightHandThumb3
BoneIndex: 38
BoneParentIndex: 37
BoneChildCount: 1
39
1.000000 0.000000 -0.000000 0.000000
0.000000 1.000000 -0.000000 0.000000
-0.000000 -0.000000 1.000000 -0.000000
-0.000000 0.043821 0.000000 1.000000
0.387279 -0.774550 -0.500087 0.000000
0.223640 -0.447295 0.865975 0.000000
-0.894427 -0.447213 -0.000008 -0.000000
0.012549 -0.045495 -1.612342 1.000000
BoneName: mixamorig:RightHandThumb4
BoneIndex: 39
BoneParentIndex: 38
BoneChildCount: 0
0.957213 -0.145441 -0.250180 0.000000
0.140746 0.989367 -0.036655 0.000000
0.252851 -0.000125 0.967505 -0.000000
0.000000 0.034591 0.000000 1.000000
1.000000 0.000000 0.000000 0.000000
0.000000 1.000000 0.000000 0.000000
0.000000 0.000000 1.000000 0.000000
0.000000 0.000000 0.000000 1.000000
BoneName: mixamorig:RightHandIndex1
BoneIndex: 40
BoneParentIndex: 35
BoneChildCount: 1
41
1.000000 -0.000009 -0.000000 0.000000
0.000009 1.000000 -0.000001 0.000000
0.000000 0.000001 1.000000 -0.000000
0.028220 0.122666 -0.002318 1.000000
0.000010 -1.000000 -0.000088 0.000000
0.000000 -0.000088 1.000000 0.000000
-1.000000 -0.000010 0.000000 -0.000000
0.033502 -0.860369 -1.433338 1.000000
BoneName: mixamorig:RightHandIndex2
BoneIndex: 41
BoneParentIndex: 40
BoneChildCount: 1
42
1.000000 0.000012 -0.000000 0.000000
-0.000012 1.000000 -0.000000 0.000000
-0.000000 -0.000000 1.000000 -0.000000
0.000000 0.038920 0.000000 1.000000
0.000002 -1.000000 -0.000088 0.000000
0.000000 -0.000088 1.000000 0.000000
-1.000000 -0.000002 -0.000000 -0.000000
0.033494 -0.899289 -1.433338 1.000000
BoneName: mixamorig:RightHandIndex3
BoneIndex: 42
BoneParentIndex: 41
BoneChildCount: 1
43
1.000000 0.000000 -0.000000 0.000000
0.000000 1.000000 -0.000000 0.000000
-0.000000 -0.000000 1.000000 -0.000000
-0.000000 0.034152 -0.000000 1.000000
0.000002 -1.000000 -0.000088 0.000000
0.000000 -0.000088 1.000000 0.000000
-1.000000 -0.000002 -0.000000 -0.000000
0.033495 -0.933441 -1.433338 1.000000
BoneName: mixamorig:RightHandIndex4
BoneIndex: 43
BoneParentIndex: 42
BoneChildCount: 0
0.999906 0.002750 -0.013418 0.000000
-0.002748 0.999996 0.000164 0.000000
0.013419 -0.000127 0.999910 -0.000000
-0.000000 0.030780 -0.000000 1.000000
1.000000 0.000000 0.000000 0.000000
0.000000 1.000000 0.000000 0.000000
0.000000 0.000000 1.000000 0.000000
0.000000 0.000000 0.000000 1.000000
BoneName: mixamorig:RightHandMiddle1
BoneIndex: 44
BoneParentIndex: 35
BoneChildCount: 1
45
1.000000 0.000000 -0.000000 0.000000
0.000000 1.000000 -0.000000 0.000000
-0.000000 -0.000000 1.000000 -0.000000
0.000000 0.127755 0.000000 1.000000
0.000001 -1.000000 -0.000088 0.000000
-0.000000 -0.000088 1.000000 0.000000
-1.000000 -0.000001 -0.000000 -0.000000
0.061715 -0.865458 -1.435656 1.000000
BoneName: mixamorig:RightHandMiddle2
BoneIndex: 45
BoneParentIndex: 44
BoneChildCount: 1
46
1.000000 0.000000 -0.000000 0.000000
0.000000 1.000000 -0.000000 0.000000
-0.000000 -0.000000 1.000000 -0.000000
0.000000 0.036140 0.000000 1.000000
0.000001 -1.000000 -0.000088 0.000000
-0.000000 -0.000088 1.000000 0.000000
-1.000000 -0.000001 -0.000000 -0.000000
0.061715 -0.901598 -1.435656 1.000000
BoneName: mixamorig:RightHandMiddle3
BoneIndex: 46
BoneParentIndex: 45
BoneChildCount: 1
47
1.000000 0.000000 -0.000000 0.000000
0.000000 1.000000 -0.000000 0.000000
-0.000000 -0.000000 1.000000 -0.000000
-0.000000 0.034598 -0.000000 1.000000
0.000001 -1.000000 -0.000088 0.000000
0.000000 -0.000088 1.000000 0.000000
-1.000000 -0.000001 -0.000000 -0.000000
0.061715 -0.936196 -1.435656 1.000000
BoneName: mixamorig:RightHandMiddle4
BoneIndex: 47
BoneParentIndex: 46
BoneChildCount: 0
0.999905 -0.003416 -0.013390 0.000000
0.003417 0.999994 0.000080 0.000000
0.013390 -0.000126 0.999910 -0.000000
0.000000 0.036802 0.000000 1.000000
1.000000 0.000000 0.000000 0.000000
0.000000 1.000000 0.000000 0.000000
0.000000 0.000000 1.000000 0.000000
0.000000 0.000000 0.000000 1.000000
BoneName: mixamorig:RightHandRing1
BoneIndex: 48
BoneParentIndex: 35
BoneChildCount: 1
49
1.000000 -0.000010 -0.000000 0.000000
0.000010 1.000000 -0.000001 0.000000
0.000000 0.000001 1.000000 -0.000000
-0.022166 0.121470 0.000100 1.000000
0.000010 -1.000000 -0.000088 0.000000
0.000000 -0.000088 1.000000 0.000000
-1.000000 -0.000010 0.000000 -0.000000
0.083889 -0.859172 -1.435756 1.000000
BoneName: mixamorig:RightHandRing2
BoneIndex: 49
BoneParentIndex: 48
BoneChildCount: 1
50
1.000000 0.000016 -0.000000 0.000000
-0.000016 1.000000 -0.000000 0.000000
-0.000000 -0.000000 1.000000 -0.000000
-0.000000 0.036012 0.000000 1.000000
-0.000006 -1.000000 -0.000088 0.000000
0.000000 -0.000088 1.000000 0.000000
-1.000000 0.000006 0.000000 -0.000000
0.083874 -0.895186 -1.435756 1.000000
BoneName: mixamorig:RightHandRing3
BoneIndex: 50
BoneParentIndex: 49
BoneChildCount: 1
51
1.000000 0.000000 -0.000000 0.000000
0.000000 1.000000 -0.000000 0.000000
-0.000000 -0.000000 1.000000 -0.000000
-0.000000 0.033073 0.000000 1.000000
-0.000006 -1.000000 -0.000088 0.000000
0.000000 -0.000088 1.000000 0.000000
-1.000000 0.000006 0.000000 -0.000000
0.083874 -0.928259 -1.435756 1.000000
BoneName: mixamorig:RightHandRing4
BoneIndex: 51
BoneParentIndex: 50
BoneChildCount: 0
0.999884 -0.000599 -0.015226 0.000000
0.000601 1.000000 0.000119 0.000000
0.015226 -0.000128 0.999884 -0.000000
0.000000 0.036601 0.000000 1.000000
1.000000 0.000000 0.000000 0.000000
0.000000 1.000000 0.000000 0.000000
0.000000 0.000000 1.000000 0.000000
0.000000 0.000000 0.000000 1.000000
BoneName: mixamorig:RightHandPinky1
BoneIndex: 52
BoneParentIndex: 35
BoneChildCount: 1
53
1.000000 -0.000006 -0.000000 0.000000
0.000006 1.000000 -0.000001 0.000000
0.000000 0.000001 1.000000 -0.000000
-0.047258 0.109082 -0.002261 1.000000
0.000007 -1.000000 -0.000088 0.000000
0.000000 -0.000088 1.000000 0.000000
-1.000000 -0.000007 0.000000 -0.000000
0.108978 -0.846784 -1.433395 1.000000
BoneName: mixamorig:RightHandPinky2
BoneIndex: 53
BoneParentIndex: 52
BoneChildCount: 1
54
1.000000 0.000021 -0.000000 0.000000
-0.000021 1.000000 -0.000000 0.000000
-0.000000 -0.000000 1.000000 -0.000000
-0.000000 0.041366 0.000000 1.000000
-0.000014 -1.000000 -0.000088 0.000000
0.000000 -0.000088 1.000000 0.000000
-1.000000 0.000014 0.000000 -0.000000
0.108959 -0.888153 -1.433395 1.000000
BoneName: mixamorig:RightHandPinky3
BoneIndex: 54
BoneParentIndex: 53
BoneChildCount: 1
55
1.000000 -0.000021 -0.000000 0.000000
0.000021 1.000000 -0.000000 0.000000
-0.000000 -0.000000 1.000000 -0.000000
-0.000000 0.025948 0.000000 1.000000
0.000007 -1.000000 -0.000088 0.000000
0.000000 -0.000088 1.000000 0.000000
-1.000000 -0.000007 0.000000 -0.000000
0.108978 -0.914099 -1.433395 1.000000
BoneName: mixamorig:RightHandPinky4
BoneIndex: 55
BoneParentIndex: 54
BoneChildCount: 0
0.999846 0.004413 -0.016997 0.000000
-0.004411 0.999990 0.000202 0.000000
0.016997 -0.000127 0.999856 -0.000000
0.000000 0.029239 -0.000000 1.000000
1.000000 0.000000 0.000000 0.000000
0.000000 1.000000 0.000000 0.000000
0.000000 0.000000 1.000000 0.000000
0.000000 0.000000 0.000000 1.000000
BoneName: mixamorig:LeftUpLeg
BoneIndex: 56
BoneParentIndex: 1
BoneChildCount: 1
57
-0.999982 -0.005939 -0.000003 0.000000
0.005939 -0.999902 0.012700 0.000000
-0.000078 0.012700 0.999919 -0.000000
0.091239 -0.066572 0.000554 1.000000
-0.999982 0.006027 -0.000077 0.000000
-0.006027 -0.999901 0.012700 0.000000
-0.000000 0.012700 0.999919 -0.000000
0.096856 0.930707 -0.012374 1.000000
BoneName: mixamorig:LeftLeg
BoneIndex: 57
BoneParentIndex: 56
BoneChildCount: 1
58
0.999930 -0.011845 0.000150 0.000000
0.011832 0.999274 0.036224 0.000000
-0.000579 -0.036220 0.999344 -0.000000
-0.000000 0.405994 -0.000000 1.000000
-0.999983 -0.005812 0.000285 0.000000
0.005819 -0.998786 0.048911 0.000000
0.000000 0.048912 0.998803 -0.000000
0.090633 0.525029 -0.031427 1.000000
BoneName: mixamorig:LeftFoot
BoneIndex: 58
BoneParentIndex: 57
BoneChildCount: 1
59
0.998342 0.057490 -0.002815 0.000000
-0.026427 0.414367 -0.909726 0.000000
-0.051134 0.908292 0.415199 -0.000000
-0.000000 0.420990 -0.000000 1.000000
-0.998660 0.023759 0.045972 0.000000
-0.051749 -0.458513 -0.887179 0.000000
0.000000 -0.888370 0.459129 -0.000000
0.096552 0.069305 0.076814 1.000000
BoneName: mixamorig:LeftToeBase
BoneIndex: 59
BoneParentIndex: 58
BoneChildCount: 1
60
0.997413 -0.044713 -0.056294 0.000000
0.015094 0.895840 -0.444119 0.000000
0.070288 0.442121 0.894197 -0.000000
0.000000 0.157216 0.000000 1.000000
-0.999726 -0.014206 -0.018581 0.000000
0.018829 -0.017522 -0.999669 0.000000
0.013876 -0.999746 0.017785 -0.000000
0.095909 -0.111411 0.036607 1.000000
BoneName: mixamorig:LeftToe_End
BoneIndex: 60
BoneParentIndex: 59
BoneChildCount: 0
1.000000 0.000000 -0.000000 0.000000
0.000000 1.000000 -0.000000 0.000000
-0.000000 -0.000000 1.000000 -0.000000
0.000000 0.100000 -0.000000 1.000000
1.000000 0.000000 0.000000 0.000000
0.000000 1.000000 0.000000 0.000000
0.000000 0.000000 1.000000 0.000000
0.000000 0.000000 0.000000 1.000000
BoneName: mixamorig:RightUpLeg
BoneIndex: 61
BoneParentIndex: 1
BoneChildCount: 1
62
-0.999981 0.006115 -0.000003 0.000000
-0.006115 -0.999901 0.012667 0.000000
0.000075 0.012667 0.999920 -0.000000
-0.091250 -0.066556 0.000554 1.000000
-0.999982 -0.006027 0.000076 0.000000
0.006027 -0.999902 0.012667 0.000000
-0.000000 0.012667 0.999920 -0.000000
-0.096856 0.930707 -0.012344 1.000000
BoneName: mixamorig:RightLeg
BoneIndex: 62
BoneParentIndex: 61
BoneChildCount: 1
63
0.999930 0.011845 -0.000150 0.000000
-0.011832 0.999271 0.036290 0.000000
0.000580 -0.036285 0.999341 -0.000000
0.000000 0.405994 -0.000000 1.000000
-0.999983 0.005812 -0.000285 0.000000
-0.005819 -0.998785 0.048944 0.000000
0.000000 0.048945 0.998801 -0.000000
-0.090633 0.525028 -0.031431 1.000000
BoneName: mixamorig:RightFoot
BoneIndex: 63
BoneParentIndex: 62
BoneChildCount: 1
64
0.998342 -0.057490 0.002817 0.000000
0.026427 0.414337 -0.909740 0.000000
0.051134 0.908306 0.415169 -0.000000
-0.000000 0.420990 0.000000 1.000000
-0.998660 -0.023759 -0.045972 0.000000
0.051749 -0.458513 -0.887179 0.000000
0.000000 -0.888370 0.459129 -0.000000
-0.096552 0.069306 0.076814 1.000000
BoneName: mixamorig:RightToeBase
BoneIndex: 64
BoneParentIndex: 63
BoneChildCount: 1
65
0.997471 0.044322 0.055561 0.000000
-0.015066 0.895832 -0.444138 0.000000
-0.069459 0.442177 0.894234 -0.000000
0.000000 0.157216 -0.000000 1.000000
-0.999742 0.014180 0.017750 0.000000
-0.017997 -0.017501 -0.999685 0.000000
-0.013865 -0.999746 0.017752 -0.000000
-0.095936 -0.111414 0.036525 1.000000
BoneName: mixamorig:RightToe_End
BoneIndex: 65
BoneParentIndex: 64
BoneChildCount: 0
1.000000 0.000000 -0.000000 0.000000
0.000000 1.000000 -0.000000 0.000000
-0.000000 -0.000000 1.000000 -0.000000
0.000000 0.100000 -0.000000 1.000000
1.000000 0.000000 0.000000 0.000000
0.000000 1.000000 0.000000 0.000000
0.000000 0.000000 1.000000 0.000000
0.000000 0.000000 0.000000 1.000000
BoneName: Alpha_Surface
BoneIndex: 66
BoneParentIndex: 0
BoneChildCount: 0
1.000000 0.000000 -0.000000 0.000000
0.000000 1.000000 -0.000000 0.000000
-0.000000 -0.000000 1.000000 -0.000000
0.000000 0.000000 -0.000000 1.000000
1.000000 0.000000 0.000000 0.000000
0.000000 1.000000 0.000000 0.000000
0.000000 0.000000 1.000000 0.000000
0.000000 0.000000 0.000000 1.000000
BoneName: Alpha_Joints
BoneIndex: 67
BoneParentIndex: 0
BoneChildCount: 0
1.000000 0.000000 -0.000000 0.000000
0.000000 1.000000 -0.000000 0.000000
-0.000000 -0.000000 1.000000 -0.000000
0.000000 0.000000 -0.000000 1.000000
1.000000 0.000000 0.000000 0.000000
0.000000 1.000000 0.000000 0.000000
0.000000 0.000000 1.000000 0.000000
0.000000 0.000000 0.000000 1.000000
