BoneCount: 68
RootBone: 0
BoneName: RootNode
BoneIndex: 0
BoneParentIndex: -1
BoneChildCount: 3
1
66
67
1.000000 0.000000 -0.000000 0.000000
0.000000 1.000000 -0.000000 0.000000
-0.000000 -0.000000 1.000000 -0.000000
0.000000 0.000000 -0.000000 1.000000
1.000000 0.000000 0.000000 0.000000
0.000000 1.000000 0.000000 0.000000
0.000000 0.000000 1.000000 0.000000
0.000000 0.000000 0.000000 1.000000
BoneName: mixamorig:Hips
BoneIndex: 1
BoneParentIndex: 0
BoneChildCount: 3
2
56
61
1.000000 0.000000 -0.000000 0.000000
0.000000 0.999917 -0.012917 0.000000
-0.000000 0.012917 0.999917 -0.000000
-0.000000 1.042749 -0.015543 1.000000
1.000000 -0.000001 -0.000000 0.000000
0.000001 0.999917 0.012916 0.000000
0.000000 -0.012916 0.999917 -0.000000
-0.000000 -1.042862 0.002073 1.000000
BoneName: mixamorig:Spine
BoneIndex: 2
BoneParentIndex: 1
BoneChildCount: 1
3
1.000000 -0.000000 -0.000000 0.000000
0.000000 0.987150 0.159796 0.000000
-0.000000 -0.159796 0.987150 -0.000000
-0.000000 0.101824 0.000000 1.000000
1.000000 -0.000000 0.000000 0.000000
0.000000 0.989132 -0.147032 0.000000
-0.000000 0.147032 0.989132 -0.000000
0.000000 -1.129646 0.184963 1.000000
BoneName: mixamorig:Spine1
BoneIndex: 3
BoneParentIndex: 2
BoneChildCount: 1
4
1.000000 0.000000 -0.000000 0.000000
0.000000 1.000000 -0.000000 0.000000
-0.000000 -0.000000 1.000000 -0.000000
-0.000000 0.100027 -0.000000 1.000000
1.000000 -0.000000 0.000000 0.000000
0.000000 0.989132 -0.147032 0.000000
-0.000000 0.147032 0.989132 -0.000000
0.000000 -1.229673 0.184963 1.000000
BoneName: mixamorig:Spine2
BoneIndex: 4
BoneParentIndex: 3
BoneChildCount: 3
5
8
32
1.000000 -0.000000 -0.000000 0.000000
0.000000 0.999668 -0.025769 0.000000
0.000000 0.025769 0.999668 -0.000000
0.000000 0.093221 -0.000000 1.000000
1.000000 0.000000 0.000000 0.000000
-0.000000 0.992592 -0.121494 0.000000
-0.000000 0.121494 0.992592 -0.000000
0.000000 -1.327221 0.150811 1.000000
BoneName: mixamorig:Neck
BoneIndex: 5
BoneParentIndex: 4
BoneChildCount: 1
6
1.000000 0.000000 -0.000000 0.000000
0.000000 1.000000 -0.000000 0.000000
-0.000000 -0.000000 1.000000 -0.000000
0.000000 0.168653 -0.000000 1.000000
1.000000 0.000000 0.000000 0.000000
-0.000000 0.992592 -0.121494 0.000000
-0.000000 0.121494 0.992592 -0.000000
0.000000 -1.495874 0.150811 1.000000
BoneName: mixamorig:Head
BoneIndex: 6
BoneParentIndex: 5
BoneChildCount: 1
7
1.000000 0.000000 -0.000000 0.000000
0.000000 1.000000 -0.000000 0.000000
-0.000000 -0.000000 1.000000 -0.000000
-0.000000 0.093419 -0.028410 1.000000
1.000000 0.000000 0.000000 0.000000
-0.000000 0.992592 -0.121494 0.000000
-0.000000 0.121494 0.992592 -0.000000
0.000000 -1.589294 0.179222 1.000000
BoneName: mixamorig:HeadTop_End
BoneIndex: 7
BoneParentIndex: 6
BoneChildCount: 0
1.000000 0.000000 -0.000000 0.000000
0.000000 1.000000 -0.000000 0.000000
-0.000000 -0.000000 1.000000 -0.000000
0.000000 0.209628 -0.101229 1.000000
1.000000 0.000000 0.000000 0.000000
-0.000000 0.992592 -0.121494 0.000000
-0.000000 0.121494 0.992592 -0.000000
0.000000 -1.798921 0.280451 1.000000
BoneName: mixamorig:RightShoulder
BoneIndex: 8
BoneParentIndex: 4
BoneChildCount: 1
9
-0.205695 -0.129005 -0.970076 0.000000
-0.977364 -0.023042 0.210305 0.000000
-0.049483 0.991376 -0.121345 -0.000000
-0.045700 0.111958 0.008066 1.000000
-0.205695 -0.977364 -0.049483 0.000000
-0.010191 -0.048422 0.998775 0.000000
-0.978563 0.205948 -0.000000 -0.000000
0.037788 0.018517 -1.446351 1.000000
BoneName: mixamorig:RightArm
BoneIndex: 9
BoneParentIndex: 8
BoneChildCount: 1
10
0.978563 -0.205948 -0.000000 0.000000
0.205695 0.977364 0.049483 0.000000
-0.010191 -0.048423 0.998775 -0.000000
0.000000 0.108382 0.000000 1.000000
0.000000 -1.000000 0.000000 0.000000
0.000000 0.000000 1.000000 0.000000
-1.000000 -0.000000 0.000000 -0.000000
0.055485 -0.151628 -1.440613 1.000000
BoneName: mixamorig:RightForeArm
BoneIndex: 10
BoneParentIndex: 9
BoneChildCount: 1
11
1.000000 0.000000 -0.000000 0.000000
0.000000 1.000000 -0.000000 0.000000
-0.000000 -0.000000 1.000000 -0.000000
-0.000000 0.278415 -0.000000 1.000000
0.000000 -1.000000 0.000000 0.000000
0.000000 0.000000 1.000000 0.000000
-1.000000 -0.000000 0.000000 -0.000000
0.055485 -0.430044 -1.440613 1.000000
BoneName: mixamorig:RightHand
BoneIndex: 11
BoneParentIndex: 10
BoneChildCount: 5
12
16
20
24
28
1.000000 0.000000 -0.000000 0.000000
0.000000 1.000000 -0.000000 0.000000
-0.000000 -0.000000 1.000000 -0.000000
0.000000 0.283288 -0.000000 1.000000
0.000000 -1.000000 0.000000 0.000000
-0.000000 0.000000 1.000000 0.000000
-1.000000 -0.000000 0.000000 -0.000000
0.055485 -0.713332 -1.440613 1.000000
BoneName: mixamorig:RightHandThumb1
BoneIndex: 12
BoneParentIndex: 11
BoneChildCount: 1
13
0.888247 -0.396939 0.231208 0.000000
0.459367 0.767534 -0.447072 0.000000
0.000000 0.503320 0.864100 -0.000000
0.026819 0.024648 -0.015740 1.000000
0.396939 -0.767534 -0.503320 0.000000
0.231208 -0.447072 0.864100 0.000000
-0.888247 -0.459367 -0.000000 -0.000000
-0.011047 0.083764 -1.602673 1.000000
BoneName: mixamorig:RightHandThumb2
BoneIndex: 13
BoneParentIndex: 12
BoneChildCount: 1
14
0.999824 0.018605 -0.002298 0.000000
-0.018594 0.999816 0.004653 0.000000
0.002384 -0.004610 0.999987 -0.000000
-0.000000 0.041890 0.000000 1.000000
0.383746 -0.777116 -0.498829 0.000000
0.220865 -0.447268 0.866701 0.000000
-0.896637 -0.442767 -0.000000 -0.000000
-0.006583 0.034615 -1.602871 1.000000
BoneName: mixamorig:RightHandThumb3
BoneIndex: 14
BoneParentIndex: 13
BoneChildCount: 1
15
0.999903 0.013842 -0.001592 0.000000
-0.013836 0.999899 0.003341 0.000000
0.001639 -0.003318 0.999993 -0.000000
-0.000000 0.034163 -0.000000 1.000000
0.373746 -0.784013 -0.495618 0.000000
0.213272 -0.447384 0.868541 0.000000
-0.902679 -0.430315 0.000000 -0.000000
-0.004024 -0.004811 -1.602872 1.000000
BoneName: mixamorig:RightHandThumb4
BoneIndex: 15
BoneParentIndex: 14
BoneChildCount: 0
0.967631 -0.098051 -0.232542 0.000000
0.095336 0.995181 -0.022911 0.000000
0.233668 0.000000 0.972317 -0.000000
-0.000000 0.025750 0.000000 1.000000
0.553774 -0.733248 -0.394565 0.000000
0.048263 -0.444795 0.894331 0.000000
-0.831267 -0.514300 -0.210927 -0.000000
0.371838 0.005926 -1.559439 1.000000
BoneName: mixamorig:RightHandIndex1
BoneIndex: 16
BoneParentIndex: 11
BoneChildCount: 1
17
1.000000 -0.000329 -0.000000 0.000000
0.000329 1.000000 0.000001 0.000000
-0.000000 -0.000001 1.000000 -0.000000
0.022598 0.091083 -0.005179 1.000000
0.000328 -1.000000 0.000001 0.000000
-0.000000 0.000001 1.000000 0.000000
-1.000000 -0.000328 -0.000000 -0.000000
0.033151 -0.804406 -1.435433 1.000000
BoneName: mixamorig:RightHandIndex2
BoneIndex: 17
BoneParentIndex: 16
BoneChildCount: 1
18
1.000000 0.000511 -0.000000 0.000000
-0.000511 1.000000 -0.000000 0.000000
-0.000000 -0.000000 1.000000 -0.000000
-0.000000 0.037000 0.000000 1.000000
-0.000183 -1.000000 0.000001 0.000000
-0.000000 0.000001 1.000000 0.000000
-1.000000 0.000183 -0.000000 -0.000000
0.032720 -0.841422 -1.435433 1.000000
BoneName: mixamorig:RightHandIndex3
BoneIndex: 18
BoneParentIndex: 17
BoneChildCount: 1
19
1.000000 -0.000176 -0.000000 0.000000
0.000176 1.000000 -0.000000 0.000000
-0.000000 -0.000000 1.000000 -0.000000
-0.000000 0.028500 0.000000 1.000000
-0.000007 -1.000000 0.000001 0.000000
-0.000000 0.000001 1.000000 0.000000
-1.000000 0.000007 -0.000000 -0.000000
0.032873 -0.869917 -1.435433 1.000000
BoneName: mixamorig:RightHandIndex4
BoneIndex: 19
BoneParentIndex: 18
BoneChildCount: 0
0.999998 0.000174 0.002005 0.000000
-0.000174 1.000000 -0.000000 0.000000
-0.002005 -0.000000 0.999998 -0.000000
0.000000 0.027722 -0.000000 1.000000
-0.000181 -1.000000 0.000001 0.000000
0.002005 0.000001 0.999998 0.000000
-0.999998 0.000181 0.002005 -0.000000
0.029838 -0.897644 -1.435496 1.000000
BoneName: mixamorig:RightHandMiddle1
BoneIndex: 20
BoneParentIndex: 11
BoneChildCount: 1
21
1.000000 -0.001004 -0.000000 0.000000
0.001004 1.000000 0.000002 0.000000
-0.000000 -0.000002 1.000000 -0.000000
-0.000000 0.095325 -0.000000 1.000000
0.001003 -1.000000 0.000002 0.000000
-0.000000 0.000002 1.000000 0.000000
-1.000000 -0.001003 -0.000000 -0.000000
0.056297 -0.808604 -1.440611 1.000000
BoneName: mixamorig:RightHandMiddle2
BoneIndex: 21
BoneParentIndex: 20
BoneChildCount: 1
22
0.999999 0.001700 -0.000000 0.000000
-0.001700 0.999999 -0.000000 0.000000
-0.000000 -0.000000 1.000000 -0.000000
-0.000000 0.037000 0.000000 1.000000
-0.000696 -1.000000 0.000002 0.000000
-0.000000 0.000002 1.000000 0.000000
-1.000000 0.000696 -0.000000 -0.000000
0.054859 -0.845698 -1.440611 1.000000
BoneName: mixamorig:RightHandMiddle3
BoneIndex: 22
BoneParentIndex: 21
BoneChildCount: 1
23
1.000000 -0.000644 -0.000000 0.000000
0.000644 1.000000 -0.000000 0.000000
-0.000000 -0.000000 1.000000 -0.000000
-0.000000 0.029500 0.000000 1.000000
-0.000053 -1.000000 0.000002 0.000000
-0.000000 0.000002 1.000000 0.000000
-1.000000 0.000053 -0.000000 -0.000000
0.055422 -0.875163 -1.440611 1.000000
BoneName: mixamorig:RightHandMiddle4
BoneIndex: 23
BoneParentIndex: 22
BoneChildCount: 0
0.999998 0.000333 0.001858 0.000000
-0.000333 1.000000 -0.000001 0.000000
-0.001858 0.000000 0.999998 -0.000000
0.000000 0.029466 -0.000000 1.000000
-0.000385 -1.000000 0.000002 0.000000
0.001858 0.000001 0.999998 0.000000
-0.999998 0.000385 0.001858 -0.000000
0.052445 -0.904646 -1.440711 1.000000
BoneName: mixamorig:RightHandRing1
BoneIndex: 24
BoneParentIndex: 11
BoneChildCount: 1
25
1.000000 0.000312 -0.000000 0.000000
-0.000312 1.000000 -0.000000 0.000000
-0.000000 0.000000 1.000000 -0.000000
-0.018651 0.091036 -0.000431 1.000000
-0.000312 -1.000000 -0.000000 0.000000
-0.000000 -0.000000 1.000000 0.000000
-1.000000 0.000312 -0.000000 -0.000000
0.073885 -0.804391 -1.440182 1.000000
BoneName: mixamorig:RightHandRing2
BoneIndex: 25
BoneParentIndex: 24
BoneChildCount: 1
26
1.000000 -0.000443 -0.000000 0.000000
0.000443 1.000000 -0.000000 0.000000
-0.000000 -0.000000 1.000000 -0.000000
-0.000000 0.033793 0.000000 1.000000
0.000131 -1.000000 -0.000000 0.000000
-0.000000 -0.000000 1.000000 0.000000
-1.000000 -0.000131 -0.000000 -0.000000
0.074257 -0.838151 -1.440182 1.000000
BoneName: mixamorig:RightHandRing3
BoneIndex: 26
BoneParentIndex: 25
BoneChildCount: 1
27
1.000000 -0.000226 -0.000000 0.000000
0.000226 1.000000 -0.000000 0.000000
-0.000000 -0.000000 1.000000 -0.000000
0.000000 0.028897 -0.000000 1.000000
0.000357 -1.000000 -0.000000 0.000000
-0.000000 -0.000000 1.000000 0.000000
-1.000000 -0.000357 -0.000000 -0.000000
0.074452 -0.867031 -1.440182 1.000000
BoneName: mixamorig:RightHandRing4
BoneIndex: 27
BoneParentIndex: 26
BoneChildCount: 0
0.999999 -0.001599 0.000292 0.000000
0.001599 0.999999 0.000001 0.000000
-0.000292 -0.000000 1.000000 -0.000000
0.000000 0.026388 -0.000000 1.000000
0.001955 -0.999998 -0.000000 0.000000
0.000292 0.000000 1.000000 0.000000
-0.999998 -0.001955 0.000292 -0.000000
0.075460 -0.893299 -1.440204 1.000000
BoneName: mixamorig:RightHandPinky1
BoneIndex: 28
BoneParentIndex: 11
BoneChildCount: 1
29
0.999999 0.001041 -0.000000 0.000000
-0.001041 0.999999 -0.000009 0.000000
-0.000000 0.000009 1.000000 -0.000000
-0.038063 0.080767 -0.004867 1.000000
-0.001041 -0.999999 -0.000009 0.000000
-0.000000 -0.000009 1.000000 0.000000
-0.999999 0.001041 0.000000 -0.000000
0.092721 -0.794182 -1.435753 1.000000
BoneName: mixamorig:RightHandPinky2
BoneIndex: 29
BoneParentIndex: 28
BoneChildCount: 1
30
0.999999 0.001692 -0.000000 0.000000
-0.001692 0.999999 -0.000000 0.000000
-0.000000 -0.000000 1.000000 -0.000000
-0.000000 0.036000 0.000000 1.000000
-0.002733 -0.999996 -0.000009 0.000000
-0.000000 -0.000009 1.000000 0.000000
-0.999996 0.002733 0.000000 -0.000000
0.091316 -0.830338 -1.435753 1.000000
BoneName: mixamorig:RightHandPinky3
BoneIndex: 30
BoneParentIndex: 29
BoneChildCount: 1
31
1.000000 -0.000994 -0.000000 0.000000
0.000994 1.000000 -0.000000 0.000000
-0.000000 -0.000000 1.000000 -0.000000
-0.000000 0.021000 0.000000 1.000000
-0.001740 -0.999999 -0.000009 0.000000
-0.000000 -0.000009 1.000000 0.000000
-0.999999 0.001740 0.000000 -0.000000
0.092162 -0.851247 -1.435753 1.000000
BoneName: mixamorig:RightHandPinky4
BoneIndex: 31
BoneParentIndex: 30
BoneChildCount: 0
0.999995 -0.000083 0.003139 0.000000
0.000083 1.000000 0.000000 0.000000
-0.003139 0.000000 0.999995 -0.000000
0.000000 0.021158 -0.000000 1.000000
-0.001657 -0.999999 -0.000004 0.000000
0.003139 -0.000009 0.999995 0.000000
-0.999994 0.001657 0.003139 -0.000000
0.087726 -0.872397 -1.436035 1.000000
BoneName: mixamorig:LeftShoulder
BoneIndex: 32
BoneParentIndex: 4
BoneChildCount: 1
33
-0.205707 0.129001 0.970074 0.000000
0.977363 -0.023023 0.210314 0.000000
0.049465 0.991377 -0.121345 -0.000000
0.045704 0.111956 0.008066 1.000000
-0.205707 0.977363 0.049465 0.000000
0.010188 -0.048404 0.998776 0.000000
0.978561 0.205959 -0.000000 -0.000000
-0.037781 0.018486 -1.446350 1.000000
BoneName: mixamorig:LeftArm
BoneIndex: 33
BoneParentIndex: 32
BoneChildCount: 1
34
0.978561 0.205960 0.000000 0.000000
-0.205707 0.977363 0.049463 0.000000
0.010187 -0.048403 0.998776 -0.000000
-0.000000 0.108377 0.000000 1.000000
0.000001 1.000000 0.000001 0.000000
-0.000000 -0.000001 1.000000 0.000000
1.000000 -0.000001 -0.000000 -0.000000
-0.055485 -0.151626 -1.440613 1.000000
BoneName: mixamorig:LeftForeArm
BoneIndex: 34
BoneParentIndex: 33
BoneChildCount: 1
35
1.000000 0.000000 -0.000000 0.000000
0.000000 1.000000 -0.000000 0.000000
-0.000000 -0.000000 1.000000 -0.000000
0.000000 0.278415 0.000000 1.000000
0.000001 1.000000 0.000001 0.000000
0.000000 -0.000001 1.000000 0.000000
1.000000 -0.000001 -0.000000 -0.000000
-0.055485 -0.430042 -1.440613 1.000000
BoneName: mixamorig:LeftHand
BoneIndex: 35
BoneParentIndex: 34
BoneChildCount: 5
36
40
44
48
52
1.000000 0.000000 -0.000000 0.000000
0.000000 1.000000 -0.000000 0.000000
-0.000000 -0.000000 1.000000 -0.000000
0.000000 0.283288 0.000000 1.000000
0.000001 1.000000 0.000001 0.000000
0.000000 -0.000001 1.000000 0.000000
1.000000 -0.000001 -0.000000 -0.000000
-0.055485 -0.713330 -1.440613 1.000000
BoneName: mixamorig:LeftHandThumb1
BoneIndex: 36
BoneParentIndex: 35
BoneChildCount: 1
37
0.889100 0.395630 -0.230169 0.000000
-0.457712 0.768506 -0.447100 0.000000
0.000000 0.502868 0.864363 -0.000000
-0.026817 0.024661 -0.015762 1.000000
0.395630 0.768505 0.502869 0.000000
-0.230170 -0.447101 0.864363 0.000000
0.889100 -0.457713 0.000000 -0.000000
0.010497 0.083022 -1.602701 1.000000
BoneName: mixamorig:LeftHandThumb2
BoneIndex: 37
BoneParentIndex: 36
BoneChildCount: 1
38
0.999863 -0.016431 0.002051 0.000000
0.016422 0.999856 0.004151 0.000000
-0.002119 -0.004117 0.999989 -0.000000
-0.000000 0.041871 -0.000000 1.000000
0.383980 0.776979 0.498861 0.000000
-0.221019 -0.447228 0.866682 0.000000
0.896499 -0.443047 -0.000000 -0.000000
0.006532 0.034664 -1.602876 1.000000
BoneName: mixamorig:LeftHandThumb3
BoneIndex: 38
BoneParentIndex: 37
BoneChildCount: 1
39
0.999925 -0.012148 0.001472 0.000000
0.012144 0.999922 0.003072 0.000000
-0.001509 -0.003054 0.999994 -0.000000
-0.000000 0.034184 -0.000000 1.000000
0.375247 0.783113 0.495906 0.000000
-0.214293 -0.447215 0.868376 0.000000
0.901814 -0.432125 0.000000 -0.000000
0.004166 -0.004364 -1.602878 1.000000
BoneName: mixamorig:LeftHandThumb4
BoneIndex: 39
BoneParentIndex: 38
BoneChildCount: 0
0.966428 0.083864 0.242865 0.000000
-0.081335 0.996477 -0.020440 0.000000
-0.243724 -0.000000 0.969845 -0.000000
0.000000 0.025806 -0.000000 1.000000
0.548763 0.739698 0.389496 0.000000
-0.033707 -0.445959 0.894418 0.000000
0.835298 -0.503952 -0.219793 -0.000000
-0.387787 0.002360 -1.555558 1.000000
BoneName: mixamorig:LeftHandIndex1
BoneIndex: 40
BoneParentIndex: 35
BoneChildCount: 1
41
1.000000 -0.000088 -0.000000 0.000000
0.000088 1.000000 -0.000001 0.000000
0.000000 0.000001 1.000000 -0.000000
-0.022599 0.091093 -0.005180 1.000000
-0.000087 1.000000 0.000003 0.000000
0.000000 -0.000003 1.000000 0.000000
1.000000 0.000087 0.000000 -0.000000
-0.032816 -0.804424 -1.435434 1.000000
BoneName: mixamorig:LeftHandIndex2
BoneIndex: 41
BoneParentIndex: 40
BoneChildCount: 1
42
1.000000 0.000210 -0.000000 0.000000
-0.000210 1.000000 -0.000001 0.000000
-0.000000 0.000001 1.000000 -0.000000
-0.000000 0.037000 0.000000 1.000000
0.000123 1.000000 0.000003 0.000000
-0.000000 -0.000003 1.000000 0.000000
1.000000 -0.000123 0.000000 -0.000000
-0.032992 -0.841416 -1.435435 1.000000
BoneName: mixamorig:LeftHandIndex3
BoneIndex: 42
BoneParentIndex: 41
BoneChildCount: 1
43
1.000000 -0.000132 -0.000000 0.000000
0.000132 1.000000 -0.000001 0.000000
0.000000 0.000001 1.000000 -0.000000
-0.000000 0.028500 -0.000000 1.000000
-0.000010 1.000000 0.000004 0.000000
-0.000000 -0.000004 1.000000 0.000000
1.000000 0.000010 0.000000 -0.000000
-0.032877 -0.869919 -1.435435 1.000000
BoneName: mixamorig:LeftHandIndex4
BoneIndex: 43
BoneParentIndex: 42
BoneChildCount: 0
1.000000 -0.000026 -0.000755 0.000000
0.000026 1.000000 -0.000000 0.000000
0.000755 0.000000 1.000000 -0.000000
0.000000 0.027749 -0.000000 1.000000
-0.000036 1.000000 0.000004 0.000000
-0.000755 -0.000004 1.000000 0.000000
1.000000 0.000036 0.000755 -0.000000
-0.031770 -0.897669 -1.435460 1.000000
BoneName: mixamorig:LeftHandMiddle1
BoneIndex: 44
BoneParentIndex: 35
BoneChildCount: 1
45
1.000000 -0.000063 -0.000000 0.000000
0.000063 1.000000 -0.000001 0.000000
0.000000 0.000001 1.000000 -0.000000
-0.000000 0.095334 0.000000 1.000000
-0.000062 1.000000 0.000002 0.000000
0.000000 -0.000002 1.000000 0.000000
1.000000 0.000062 0.000000 -0.000000
-0.055434 -0.808666 -1.440614 1.000000
BoneName: mixamorig:LeftHandMiddle2
BoneIndex: 45
BoneParentIndex: 44
BoneChildCount: 1
46
1.000000 0.000042 -0.000000 0.000000
-0.000042 1.000000 0.000000 0.000000
0.000000 -0.000000 1.000000 -0.000000
-0.000000 0.037000 0.000000 1.000000
-0.000020 1.000000 0.000002 0.000000
-0.000000 -0.000002 1.000000 0.000000
1.000000 0.000020 0.000000 -0.000000
-0.055469 -0.845664 -1.440614 1.000000
BoneName: mixamorig:LeftHandMiddle3
BoneIndex: 46
BoneParentIndex: 45
BoneChildCount: 1
47
1.000000 0.000041 -0.000000 0.000000
-0.000041 1.000000 0.000001 0.000000
0.000000 -0.000001 1.000000 -0.000000
-0.000000 0.029500 0.000000 1.000000
0.000021 1.000000 0.000001 0.000000
-0.000000 -0.000001 1.000000 0.000000
1.000000 -0.000021 0.000000 -0.000000
-0.055506 -0.875163 -1.440613 1.000000
BoneName: mixamorig:LeftHandMiddle4
BoneIndex: 47
BoneParentIndex: 46
BoneChildCount: 0
0.999998 0.000056 -0.002048 0.000000
-0.000056 1.000000 0.000000 0.000000
0.002048 0.000000 0.999998 -0.000000
-0.000000 0.029529 0.000000 1.000000
0.000077 1.000000 0.000001 0.000000
-0.002048 -0.000001 0.999998 0.000000
0.999998 -0.000077 0.002048 -0.000000
-0.052605 -0.904689 -1.440724 1.000000
BoneName: mixamorig:LeftHandRing1
BoneIndex: 48
BoneParentIndex: 35
BoneChildCount: 1
49
1.000000 0.000013 -0.000000 0.000000
-0.000013 1.000000 -0.000001 0.000000
-0.000000 0.000001 1.000000 -0.000000
0.018651 0.091045 -0.000430 1.000000
0.000013 1.000000 0.000002 0.000000
-0.000000 -0.000002 1.000000 0.000000
1.000000 -0.000013 -0.000000 -0.000000
-0.074146 -0.804372 -1.440184 1.000000
BoneName: mixamorig:LeftHandRing2
BoneIndex: 49
BoneParentIndex: 48
BoneChildCount: 1
50
1.000000 0.000000 -0.000000 0.000000
0.000000 1.000000 -0.000000 0.000000
-0.000000 -0.000000 1.000000 -0.000000
-0.000000 0.031500 0.000000 1.000000
0.000013 1.000000 0.000002 0.000000
-0.000000 -0.000002 1.000000 0.000000
1.000000 -0.000013 -0.000000 -0.000000
-0.074146 -0.835872 -1.440184 1.000000
BoneName: mixamorig:LeftHandRing3
BoneIndex: 50
BoneParentIndex: 49
BoneChildCount: 1
51
1.000000 0.000000 -0.000000 0.000000
0.000000 1.000000 -0.000000 0.000000
-0.000000 -0.000000 1.000000 -0.000000
0.000000 0.029500 -0.000000 1.000000
0.000013 1.000000 0.000002 0.000000
-0.000000 -0.000002 1.000000 0.000000
1.000000 -0.000013 -0.000000 -0.000000
-0.074146 -0.865372 -1.440184 1.000000
BoneName: mixamorig:LeftHandRing4
BoneIndex: 51
BoneParentIndex: 50
BoneChildCount: 0
1.000000 0.000032 0.000987 0.000000
-0.000032 1.000000 0.000001 0.000000
-0.000987 -0.000001 1.000000 -0.000000
-0.000000 0.026443 0.000000 1.000000
0.000046 1.000000 0.000002 0.000000
0.000987 -0.000002 1.000000 0.000000
1.000000 -0.000046 -0.000987 -0.000000
-0.075596 -0.891814 -1.440110 1.000000
BoneName: mixamorig:LeftHandPinky1
BoneIndex: 52
BoneParentIndex: 35
BoneChildCount: 1
53
0.999992 0.004090 0.000000 0.000000
-0.004090 0.999992 0.000010 0.000000
-0.000000 -0.000010 1.000000 -0.000000
0.038063 0.080778 -0.004869 1.000000
0.004090 0.999992 -0.000009 0.000000
0.000000 0.000009 1.000000 0.000000
0.999992 -0.004090 -0.000000 -0.000000
-0.096795 -0.793733 -1.435737 1.000000
BoneName: mixamorig:LeftHandPinky2
BoneIndex: 53
BoneParentIndex: 52
BoneChildCount: 1
54
1.000000 -0.000421 -0.000000 0.000000
0.000421 1.000000 -0.000001 0.000000
0.000000 0.000001 1.000000 -0.000000
-0.000000 0.036000 -0.000000 1.000000
0.003669 0.999993 -0.000008 0.000000
0.000000 0.000008 1.000000 0.000000
0.999993 -0.003669 -0.000000 -0.000000
-0.096445 -0.829772 -1.435738 1.000000
BoneName: mixamorig:LeftHandPinky3
BoneIndex: 54
BoneParentIndex: 53
BoneChildCount: 1
55
1.000000 -0.000134 -0.000000 0.000000
0.000134 1.000000 -0.000000 0.000000
0.000000 0.000000 1.000000 -0.000000
0.000000 0.021000 -0.000000 1.000000
0.003535 0.999994 -0.000007 0.000000
0.000000 0.000007 1.000000 0.000000
0.999994 -0.003535 -0.000000 -0.000000
-0.096331 -0.850784 -1.435738 1.000000
BoneName: mixamorig:LeftHandPinky4
BoneIndex: 55
BoneParentIndex: 54
BoneChildCount: 0
0.999999 -0.000591 -0.001567 0.000000
0.000591 1.000000 -0.000001 0.000000
0.001567 -0.000000 0.999999 -0.000000
0.000000 0.021255 0.000000 1.000000
0.002944 0.999996 -0.000002 0.000000
-0.001567 0.000006 0.999999 0.000000
0.999994 -0.002944 0.001567 -0.000000
-0.093566 -0.872095 -1.435887 1.000000
BoneName: mixamorig:RightUpLeg
BoneIndex: 56
BoneParentIndex: 1
BoneChildCount: 1
57
-1.000000 0.000001 -0.000000 0.000000
-0.000001 -0.999785 -0.020712 0.000000
-0.000000 -0.020712 0.999785 -0.000000
-0.082078 -0.067718 0.015122 1.000000
-1.000000 -0.000000 -0.000000 0.000000
0.000000 -0.999970 -0.007796 0.000000
-0.000000 -0.007796 0.999970 -0.000000
-0.082078 0.975206 0.007151 1.000000
BoneName: mixamorig:RightLeg
BoneIndex: 57
BoneParentIndex: 56
BoneChildCount: 1
58
1.000000 0.000000 -0.000000 0.000000
-0.000000 0.997098 0.076127 0.000000
0.000000 -0.076127 0.997098 -0.000000
0.000000 0.443715 0.000000 1.000000
-1.000000 0.000000 -0.000000 0.000000
-0.000000 -0.997661 0.068351 0.000000
-0.000000 0.068351 0.997661 -0.000000
-0.082078 0.530493 -0.033331 1.000000
BoneName: mixamorig:RightFoot
BoneIndex: 58
BoneParentIndex: 57
BoneChildCount: 1
59
1.000000 -0.000000 0.000000 0.000000
0.000000 0.577278 -0.816548 0.000000
0.000000 0.816548 0.577278 -0.000000
-0.000000 0.445278 -0.000000 1.000000
-1.000000 -0.000000 -0.000000 0.000000
0.000000 -0.631740 -0.775180 0.000000
0.000000 -0.775180 0.631740 -0.000000
-0.082078 0.076409 0.050341 1.000000
BoneName: mixamorig:RightToeBase
BoneIndex: 59
BoneParentIndex: 58
BoneChildCount: 1
60
1.000000 -0.000000 0.000000 0.000000
0.000000 0.775226 -0.631684 0.000000
0.000000 0.631684 0.775226 -0.000000
-0.000000 0.138169 -0.000000 1.000000
-1.000000 -0.000000 -0.000000 0.000000
0.000000 -0.000073 -1.000000 0.000000
0.000000 -1.000000 0.000073 -0.000000
-0.082078 -0.079677 0.000013 1.000000
BoneName: mixamorig:RightToe_End
BoneIndex: 60
BoneParentIndex: 59
BoneChildCount: 0
0.999731 0.000000 0.023215 0.000000
0.000000 1.000000 -0.000000 0.000000
-0.023215 -0.000000 0.999731 -0.000000
-0.000000 0.092781 -0.000000 1.000000
-0.999731 -0.000000 0.023214 0.000000
-0.023214 -0.000073 -0.999731 0.000000
0.000002 -1.000000 0.000073 -0.000000
-0.082056 -0.172458 0.001919 1.000000
BoneName: mixamorig:LeftUpLeg
BoneIndex: 61
BoneParentIndex: 1
BoneChildCount: 1
62
-1.000000 0.000001 -0.000000 0.000000
-0.000001 -0.999785 -0.020735 0.000000
-0.000000 -0.020735 0.999785 -0.000000
0.082078 -0.067718 0.015122 1.000000
-1.000000 -0.000000 -0.000000 0.000000
0.000000 -0.999969 -0.007819 0.000000
-0.000000 -0.007819 0.999969 -0.000000
0.082078 0.975205 0.007173 1.000000
BoneName: mixamorig:LeftLeg
BoneIndex: 62
BoneParentIndex: 61
BoneChildCount: 1
63
1.000000 0.000000 -0.000000 0.000000
-0.000000 0.997095 0.076170 0.000000
0.000000 -0.076170 0.997095 -0.000000
0.000000 0.443714 -0.000000 1.000000
-1.000000 -0.000000 -0.000000 0.000000
-0.000000 -0.997660 0.068371 0.000000
-0.000000 0.068371 0.997660 -0.000000
0.082078 0.530494 -0.033331 1.000000
BoneName: mixamorig:LeftFoot
BoneIndex: 63
BoneParentIndex: 62
BoneChildCount: 1
64
1.000000 -0.000000 0.000000 0.000000
0.000000 0.577262 -0.816559 0.000000
0.000000 0.816559 0.577262 -0.000000
-0.000000 0.445278 0.000000 1.000000
-1.000000 -0.000000 -0.000000 0.000000
0.000000 -0.631740 -0.775180 0.000000
0.000000 -0.775180 0.631740 -0.000000
0.082078 0.076408 0.050343 1.000000
BoneName: mixamorig:LeftToeBase
BoneIndex: 64
BoneParentIndex: 63
BoneChildCount: 1
65
1.000000 -0.000000 0.000000 0.000000
0.000000 0.775226 -0.631684 0.000000
0.000000 0.631684 0.775226 -0.000000
0.000000 0.138169 0.000000 1.000000
-1.000000 -0.000000 -0.000000 0.000000
0.000000 -0.000073 -1.000000 0.000000
0.000000 -1.000000 0.000073 -0.000000
0.082078 -0.079679 0.000014 1.000000
BoneName: mixamorig:LeftToe_End
BoneIndex: 65
BoneParentIndex: 64
BoneChildCount: 0
0.999718 0.000000 -0.023737 0.000000
0.000000 1.000000 -0.000000 0.000000
0.023737 -0.000000 0.999718 -0.000000
-0.000000 0.092781 0.000000 1.000000
-0.999718 -0.000000 -0.023737 0.000000
0.023737 -0.000073 -0.999718 0.000000
-0.000001 -1.000000 0.000073 -0.000000
0.082054 -0.172460 0.001962 1.000000
BoneName: Beta_Surface
BoneIndex: 66
BoneParentIndex: 0
BoneChildCount: 0
1.000000 0.000000 -0.000000 0.000000
0.000000 1.000000 -0.000000 0.000000
-0.000000 -0.000000 1.000000 -0.000000
0.000000 0.000000 -0.000000 1.000000
1.000000 0.000000 0.000000 0.000000
0.000000 1.000000 0.000000 0.000000
0.000000 0.000000 1.000000 0.000000
0.000000 0.000000 0.000000 1.000000
BoneName: Beta_Joints
BoneIndex: 67
BoneParentIndex: 0
BoneChildCount: 0
1.000000 0.000000 -0.000000 0.000000
0.000000 1.000000 -0.000000 0.000000
-0.000000 -0.000000 1.000000 -0.000000
0.000000 0.000000 -0.000000 1.000000
1.000000 0.000000 0.000000 0.000000
0.000000 1.000000 0.000000 0.000000
0.000000 0.000000 1.000000 0.000000
0.000000 0.000000 0.000000 1.000000
